Date,Open,High,Low,Close,Volume,Change,Percentage Change,Day Range
25/09/2025,0.180,0.200,0.180,0.200,133500,+0.010,+5.26%,"0.180-0.200"
24/09/2025,0.200,0.200,0.190,0.190,294000,-0.010,-5.00%,"0.190-0.200"
23/09/2025,0.185,0.200,0.185,0.200,561400,+0.015,+8.11%,"0.185-0.200"
22/09/2025,0.190,0.190,0.185,0.185,138600,-0.005,-2.63%,"0.185-0.190"
19/09/2025,0.190,0.190,0.190,0.190,165000,0.000,0.00%,"0.190-0.190"
18/09/2025,0.190,0.190,0.190,0.190,335000,+0.005,+2.70%,"0.190-0.190"
17/09/2025,0.185,0.190,0.185,0.185,182000,0.000,0.00%,"0.185-0.190"
12/09/2025,0.185,0.190,0.185,0.185,92500,0.000,0.00%,"0.185-0.190"
11/09/2025,0.185,0.185,0.185,0.185,6000,-0.005,-2.63%,"0.185-0.185"
10/09/2025,0.190,0.215,0.190,0.190,136000,-0.015,-7.32%,"0.190-0.215"
09/09/2025,0.205,0.205,0.205,0.205,500,+0.020,+10.81%,"0.205-0.205"
18/08/2025,0.195,0.195,0.195,0.195,341000,0.195,0.000,0.000%,"0.195 - 0.195"
15/08/2025,0.200,0.200,0.195,0.195,141800,0.195,0.000,0.000%,"0.195 - 0.200",
14/08/2025,0.195,0.200,0.195,0.195,142000,0.195,0.000,0.000%,"0.195 - 0.200",
13/08/2025,0.214,0.215,0.211,0.214,386000,0.209,0.005,2.392,0.211-0.215,0.182 - 0.240
12/08/2025,0.206,0.211,0.205,0.209,307000,0.204,0.005,2.451,0.205-0.211,0.182 - 0.240
11/08/2025,0.206,0.210,0.200,0.204,329000,0.206,-0.002,-0.971,0.200-0.210,0.182 - 0.240
08/08/2025,0.208,0.211,0.203,0.206,151000,0.206,0.000,0.000,0.203-0.211,0.182 - 0.240
07/08/2025,0.205,0.208,0.203,0.206,214000,0.206,0.000,0.000,0.203-0.208,0.182 - 0.240
06/08/2025,0.204,0.207,0.204,0.206,62000,0.204,0.002,0.980,0.204-0.207,0.182 - 0.240
05/08/2025,0.201,0.205,0.200,0.204,95000,0.203,0.001,0.493,0.200-0.205,0.182 - 0.240
04/08/2025,0.198,0.204,0.194,0.203,123000,0.195,0.008,4.103,0.194-0.204,0.182 - 0.240
01/08/2025,0.200,0.200,0.200,0.200,168500,0.200,+0.005,+2.564,0.200-0.200,0.145 - 0.405
31/07/2025,0.200,0.200,0.195,0.195,61400,0.195,-0.005,-2.50,0.195-0.200,0.145 - 0.405
30/07/2025,0.200,0.200,0.200,0.200,1000,0.200,0,0,0.200-0.200,0.145 - 0.405
29/07/2025,0.200,0.200,0.200,0.200,35000,0.200,0,0,0.200-0.200,0.145 - 0.405
28/07/2025,0.200,0.200,0.200,0.200,17100,0.200,0,0,0.200-0.200,0.145 - 0.405
25/07/2025,0.200,0.200,0.200,0.200,0,0.200,0,0,0.200-0.200,0.145 - 0.405
24/07/2025,0.200,0.200,0.200,0.200,0,0.200,0,0,0.200-0.200,0.145 - 0.405
23/07/2025,0.200,0.200,0.200,0.200,5000,0.200,0,0,0.200-0.200,0.145 - 0.405
22/07/2025,0.200,0.200,0.200,0.200,54000,0.195,+0.005,+2.56,0.200-0.200,0.145 - 0.410
21/07/2025,0.195,0.195,0.195,0.195,0,0.195,0,0,0.195-0.195,0.145 - 0.410
18/07/2025,0.195,0.195,0.195,0.195,100,0.200,-0.005,-2.50,0.195-0.195,0.145 - 0.410
17/07/2025,0.195,0.200,0.195,0.200,27400,0.210,-0.010,-4.76,0.195-0.200,0.145 - 0.410
16/07/2025,0.200,0.210,0.195,0.210,10200,0.200,+0.010,+5.00,0.195-0.210,0.145 - 0.410
15/07/2025,0.200,0.200,0.200,0.200,0,0.200,0,0,0.200-0.200,0.145 - 0.410
14/07/2025,0.195,0.200,0.195,0.200,70900,0.215,-0.015,-6.98,0.195-0.200,0.145 - 0.410
11/07/2025,0.215,0.215,0.215,0.215,100,0.215,0,0,0.215-0.215,0.145 - 0.410
10/07/2025,0.215,0.215,0.215,0.215,0,0.215,0,0,0.215-0.215,0.145 - 0.410
09/07/2025,0.210,0.215,0.190,0.215,33000,0.220,-0.005,-2.27,0.190-0.215,0.145 - 0.410
08/07/2025,0.185,0.220,0.185,0.220,60200,0.185,+0.035,+18.92,0.185-0.220,0.145 - 0.410
07/07/2025,0.185,0.185,0.185,0.185,1200,0.185,0,0,0.185-0.185,0.145 - 0.410
04/07/2025,0.190,0.190,0.185,0.185,280000,0.190,-0.005,-2.63,0.185-0.190,0.145 - 0.410
03/07/2025,0.200,0.200,0.190,0.190,28000,0.200,-0.010,-5.00,0.190-0.200,0.145 - 0.410
02/07/2025,0.200,0.200,0.200,0.200,26500,0.200,0,0,0.200-0.200,0.145 - 0.410
01/07/2025,0.200,0.200,0.200,0.200,12000,0.200,0,0,0.200-0.200,0.145 - 0.415
30/06/2025,0.200,0.200,0.200,0.200,3000,0.200,0,0,0.200-0.200,0.145 - 0.415
26/06/2025,0.200,0.200,0.200,0.200,0,0.200,0,0,0.200-0.200,0.145 - 0.415
25/06/2025,0.200,0.200,0.200,0.200,4500,0.220,-0.020,-9.09,0.200-0.200,0.145 - 0.420
24/06/2025,0.220,0.220,0.220,0.220,1200,0.205,+0.015,+7.32,0.220-0.220,0.145 - 0.420
23/06/2025,0.205,0.205,0.205,0.205,13700,0.220,-0.015,-6.82,0.205-0.205,0.145 - 0.420
20/06/2025,0.220,0.220,0.220,0.220,2100,0.220,0,0,0.220-0.220,0.145 - 0.420
19/06/2025,0.225,0.225,0.225,0.225,100,0.225,0,0,0.225-0.225,0.145 - 0.420
18/06/2025,0.225,0.225,0.225,0.225,0,0.225,0,0,0.225-0.225,0.145 - 0.420
16/06/2025,0.245,0.245,0.230,0.235,23200,0.245,-0.010,-4.08,0.230-0.245,0.145 - 0.420
13/06/2025,0.235,0.245,0.230,0.245,36300,0.240,+0.005,+2.08,0.230-0.245,0.145 - 0.420
12/06/2025,0.245,0.245,0.235,0.240,297900,0.245,-0.005,-2.04,0.235-0.245,0.145 - 0.420
11/06/2025,0.240,0.245,0.230,0.245,93200,0.230,+0.015,+6.52,0.230-0.245,0.145 - 0.420
10/06/2025,0.225,0.240,0.225,0.230,191800,0.220,+0.010,+4.55,0.225-0.240,0.145 - 0.420
09/06/2025,0.210,0.225,0.205,0.220,132300,0.205,+0.015,+7.32,0.205-0.225,0.145 - 0.420
06/06/2025,0.200,0.210,0.195,0.205,32200,0.210,-0.005,-2.38,0.195-0.210,0.145 - 0.425
05/06/2025,0.210,0.210,0.205,0.210,84900,0.210,0,0,0.205-0.210,0.145 - 0.425
04/06/2025,0.190,0.210,0.190,0.210,29500,0.205,+0.005,+2.44,0.190-0.210,0.145 - 0.425
03/06/2025,0.205,0.205,0.195,0.205,35400,0.205,0,0,0.195-0.205,0.145 - 0.425
30/05/2025,0.205,0.210,0.205,0.205,29500,0.205,0,0,0.205-0.210,0.145 - 0.425
29/05/2025,0.205,0.205,0.205,0.205,23900,0.205,0,0,0.205-0.205,0.145 - 0.425
28/05/2025,0.205,0.205,0.205,0.205,67200,0.200,+0.005,+2.50,0.205-0.205,0.145 - 0.425
27/05/2025,0.215,0.215,0.200,0.200,153900,0.215,-0.015,-6.98,0.200-0.215,0.145 - 0.425
26/05/2025,0.225,0.225,0.215,0.215,68300,0.225,-0.010,-4.44,0.215-0.225,0.145 - 0.425
23/05/2025,0.240,0.240,0.160,0.225,516900,0.240,-0.015,-6.25,0.160-0.240,0.145 - 0.425
22/05/2025,0.230,0.240,0.225,0.240,57200,0.230,+0.010,+4.35,0.225-0.240,0.145 - 0.425
21/05/2025,0.255,0.255,0.230,0.230,682500,0.255,-0.025,-9.80,0.230-0.255,0.145 - 0.425
20/05/2025,0.250,0.255,0.220,0.255,407300,0.240,+0.015,+6.25,0.220-0.255,0.145 - 0.440
19/05/2025,0.250,0.250,0.240,0.240,300800,0.260,-0.020,-7.69,0.240-0.250,0.145 - 0.440
16/05/2025,0.240,0.260,0.240,0.260,399000,0.240,+0.020,+8.33,0.240-0.260,0.145 - 0.450
15/05/2025,0.245,0.260,0.235,0.240,973200,0.245,-0.005,-2.04,0.235-0.260,0.145 - 0.450
14/05/2025,0.255,0.255,0.245,0.245,696000,0.250,-0.005,-2.00,0.245-0.255,0.145 - 0.450
13/05/2025,0.270,0.270,0.250,0.250,300400,0.265,-0.015,-5.66,0.250-0.270,0.145 - 0.465
09/05/2025,0.270,0.290,0.255,0.265,6891100,0.265,0,0,0.255-0.290,0.145 - 0.465
08/05/2025,0.240,0.300,0.235,0.265,9635500,0.235,+0.030,+12.77,0.235-0.300,0.145 - 0.465
07/05/2025,0.235,0.250,0.235,0.235,322200,0.250,-0.015,-6.00,0.235-0.250,0.145 - 0.465
06/05/2025,0.245,0.255,0.235,0.250,300800,0.255,-0.005,-1.96,0.235-0.255,0.145 - 0.465
05/05/2025,0.265,0.280,0.240,0.255,875000,0.265,-0.010,-3.77,0.240-0.280,0.145 - 0.465
02/05/2025,0.240,0.275,0.235,0.265,847500,0.265,-0.010,+3.921,0.240-0.280,0.145 - 0.465
30/04/2025,0.250,0.255,0.240,0.255,481600,0.250,+0.005,+2.00,0.240-0.255,0.145 - 0.465
29/04/2025,0.265,0.265,0.250,0.250,540200,0.265,-0.015,-5.66,0.250-0.265,0.145 - 0.465
28/04/2025,0.260,0.300,0.255,0.265,7708200,0.250,+0.015,+6.00,0.255-0.300,0.145 - 0.465
25/04/2025,0.225,0.250,0.190,0.250,3996900,0.230,+0.020,+8.70,0.190-0.250,0.145 - 0.465
24/04/2025,0.165,0.230,0.160,0.230,5459700,0.160,+0.070,+43.75,0.160-0.230,0.145 - 0.465
23/04/2025,0.145,0.165,0.145,0.160,1225600,0.160,0,0,0.145-0.165,0.145 - 0.465
22/04/2025,0.170,0.170,0.160,0.160,157800,0.145,+0.015,+10.34,0.160-0.170,0.145 - 0.465
21/04/2025,0.155,0.165,0.145,0.145,184000,0.155,-0.010,-6.45,0.145-0.165,0.155 - 0.465
18/04/2025,0.160,0.160,0.155,0.155,280000,0.185,-0.030,-16.22,0.155-0.160,0.160 - 0.465
17/04/2025,0.165,0.185,0.160,0.185,10100,0.165,+0.020,+12.12,0.160-0.185,0.165 - 0.465
16/04/2025,0.180,0.185,0.165,0.165,560000,0.185,-0.020,-10.81,0.165-0.185,0.180 - 0.465
15/04/2025,0.185,0.185,0.185,0.185,50000,0.185,0,0,0.185-0.185,0.180 - 0.465
14/04/2025,0.190,0.190,0.185,0.185,280100,0.190,-0.005,-2.63,0.185-0.190,0.180 - 0.465
11/04/2025,0.185,0.190,0.180,0.190,62900,0.185,+0.005,+2.70,0.180-0.190,0.180 - 0.465
10/04/2025,0.180,0.200,0.180,0.185,90100,0.185,0,0,0.180-0.200,0.180 - 0.465
09/04/2025,0.185,0.185,0.185,0.185,21500,0.185,0,0,0.185-0.185,0.180 - 0.465
08/04/2025,0.185,0.190,0.185,0.185,204300,0.210,-0.025,-11.90,0.185-0.190,0.180 - 0.465
07/04/2025,0.180,0.210,0.180,0.210,1800,0.220,-0.010,-4.55,0.180-0.210,0.205 - 0.465
04/04/2025,0.205,0.220,0.205,0.220,3000,0.230,-0.010,-4.35,0.205-0.220,0.215 - 0.465
03/04/2025,0.250,0.250,0.215,0.230,160100,0.250,-0.020,-8.00,0.215-0.250,0.230 - 0.465
02/04/2025,0.250,0.250,0.250,0.250,150000,0.240,+0.010,+4.17,0.250-0.250,0.230 - 0.465
28/03/2025,0.240,0.240,0.240,0.240,6400,0.245,-0.005,-2.04,0.240-0.240,0.230 - 0.465
27/03/2025,0.245,0.245,0.245,0.245,10000,0.245,0,0,0.245-0.245,0.230 - 0.465
26/03/2025,0.235,0.245,0.235,0.245,19200,0.240,+0.005,+2.08,0.235-0.245,0.230 - 0.465
25/03/2025,0.240,0.240,0.240,0.240,0,0.240,0,0,0.240-0.240,0.230 - 0.465
24/03/2025,0.240,0.240,0.240,0.240,1000,0.240,0,0,0.240-0.240,0.230 - 0.465
21/03/2025,0.240,0.240,0.240,0.240,0,0.240,0,0,0.240-0.240,0.230 - 0.465
20/03/2025,0.240,0.240,0.240,0.240,10000,0.260,-0.020,-7.69,0.240-0.240,0.230 - 0.465
19/03/2025,0.260,0.260,0.260,0.260,0,0.260,0,0,0.260-0.260,0.230 - 0.465
17/03/2025,0.260,0.260,0.260,0.260,0,0.260,0,0,0.260-0.260,0.230 - 0.465
14/03/2025,0.260,0.260,0.260,0.260,0,0.260,0,0,0.260-0.260,0.230 - 0.465
13/03/2025,0.260,0.260,0.260,0.260,0,0.260,0,0,0.260-0.260,0.230 - 0.465
12/03/2025,0.255,0.260,0.255,0.260,100000,0.255,+0.005,+1.96,0.255 - 0.260,0.230 - 0.465
11/03/2025,0.255,0.255,0.255,0.255,0,0.255,0,0,0.255 - 0.255,0.230 - 0.465
10/03/2025,0.255,0.255,0.255,0.255,1000,0.255,-,-,0.255 - 0.255,0.230 - 0.465
07/03/2025,0.255,0.255,0.255,0.255,0,0.255,0,0,0.255-0.255,0.230 - 0.465
06/03/2025,0.230,0.285,0.230,0.255,14200,0.275,-0.020,-7.27,0.230 - 0.285,0.270 - 0.465
05/03/2025,0.230,0.285,0.230,0.255,14200,0.275,-0.020,-7.27,0.230 - 0.285,0.270 - 0.465
04/03/2025,0.280,0.280,0.270,0.275,404000,0.280,-0.005,-1.79,0.270 - 0.280,0.270 - 0.465
03/03/2025,0.290,0.290,0.280,0.280,216000,0.295,-0.015,-5.08,0.280 - 0.290,0.270 - 0.465
28/02/2025,0,0.295,0.295,0.295,0,0.295,0,0,0.295 - 0.295,0.270 - 0.465
27/02/2025,0.295,0.295,0.295,0.295,18400,0.300,-0.005,-1.67,0.295 - 0.295,0.270 - 0.465
26/02/2025,0.280,0.300,0.280,0.300,3100,0.300,-,-,0.280 - 0.300,0.270 - 0.470
25/02/2025,0.300,0.300,0.285,0.300,38400,0.330,-0.030,-9.09,0.285 - 0.300,0.270 - 0.470
24/02/2025,0.330,0.330,0.330,0.330,0,0.330,0,0,0.330 - 0.340,0.270 - 0.470
21/02/2025,0.330,0.330,0.305,0.330,1400,0.330,-,-,0.305 - 0.330,0.270 - 0.470
20/02/2025,0.330,0.330,0.330,0.330,10100,0.310,+0.020,+6.45,0.330 - 0.330,0.270 - 0.470
19/02/2025,0.330,0.330,0.310,0.310,10000,0.330,-0.020,-6.06,0.310 - 0.330,0.270 - 0.470
18/02/2025,0.335,0.335,0.330,0.330,21700,0.330,-,-,0.330 - 0.335,0.270 - 0.470
17/02/2025,0.325,0.330,0.325,0.330,402000,0.325,+0.005,+1.54,0.325 - 0.330,0.270 - 0.470
14/02/2025,0.325,0.325,0.325,0.325,10200,0.330,-0.005,-1.52,0.325 - 0.325,0.270 - 0.470
13/02/2025,0.330,0.330,0.310,0.330,4378000,0.330,-,-,0.310 - 0.330,0.270 - 0.470
12/02/2025,0.310,0.330,0.310,0.330,1100,0.330,-,-,0.310 - 0.330,0.270 - 0.470
10/02/2025,0.305,0.330,0.305,0.330,1518000,0.310,+0.020,+6.45,0.305 - 0.330,0.270 - 0.470
07/02/2025,0.310,0.310,0.310,0.310,1178000,0.300,+0.010,+3.33,0.310 - 0.310,0.270 - 0.470
06/02/2025,0.310,0.310,0.295,0.300,979000,0.310,-0.010,-3.23,0.295 - 0.310,0.270 - 0.470
05/02/2025,0.310,0.310,0.305,0.310,540000,0.315,-0.005,-1.59,0.305 - 0.310,0.270 - 0.470
04/02/2025,0.315,0.315,0.315,0.315,828000,0.310,+0.005,+1.61,0.315 - 0.315,0.270 - 0.470
03/02/2025,0.315,0.315,0.270,0.310,1867400,0.315,-0.005,-1.59,0.270 - 0.315,0.270 - 0.470
31/01/2025,0.330,0.345,0.315,0.315,700000,0.340,-0.025,-7.35,0.315 - 0.345,0.270 - 0.470
28/01/2025,0,0.340,0.340,0.340,0,0.340,0,0,0.330 - 0.340,0.270 - 0.470
27/01/2025,0.330,0.340,0.330,0.340,1670400,0.330,+0.010,+3.03,0.330 - 0.340,0.270 - 0.470
24/01/2025,0.320,0.330,0.320,0.330,1092400,0.320,+0.010,+3.13,0.320 - 0.330,0.270 - 0.470
23/01/2025,0.305,0.320,0.305,0.320,152000,0.310,+0.010,+3.23,0.305 - 0.320,0.270 - 0.470
22/01/2025,0.315,0.325,0.310,0.310,1618400,0.320,-0.010,-3.13,0.310 - 0.325,0.270 - 0.470
21/01/2025,0.340,0.345,0.315,0.320,1102100,0.330,-0.010,-3.03,0.315 - 0.345,0.270 - 0.470
20/01/2025,0.330,0.330,0.330,0.330,52800,0.345,-0.015,-4.35,0.330 - 0.330,0.270 - 0.470
17/01/2025,0.345,0.350,0.345,0.345,1500100,0.350,-0.005,-1.43,0.345 - 0.350,0.270 - 0.470
16/01/2025,0.345,0.350,0.345,0.350,1012100,0.350,-,-,0.345 - 0.350,0.270 - 0.470
15/01/2025,0.345,0.350,0.345,0.350,967800,0.345,+0.005,+1.45,0.345 - 0.350,0.270 - 0.470
14/01/2025,0.345,0.345,0.345,0.345,950000,0.345,-,-,0.345 - 0.345,0.270 - 0.470
13/01/2025,0.350,0.350,0.330,0.345,1069700,0.350,-0.005,-1.43,0.330 - 0.350,0.270 - 0.470
10/01/2025,0.350,0.350,0.350,0.350,903800,0.350,-,-,0.350 - 0.350,0.270 - 0.470
09/01/2025,0.350,0.350,0.340,0.350,975000,0.350,-,-,0.340 - 0.350,0.270 - 0.470
08/01/2025,0.350,0.350,0.350,0.350,955000,0.350,-,-,0.350 - 0.350,0.270 - 0.470
07/01/2025,0.350,0.350,0.340,0.350,888000,0.350,-,-,0.340 - 0.350,0.270 - 0.470
06/01/2025,0.350,0.350,0.340,0.350,938300,0.350,-,-,0.340 - 0.350,0.270 - 0.470
03/01/2025,0.345,0.355,0.330,0.350,897700,0.345,+0.005,+1.45,0.330 - 0.355,0.270 - 0.470
02/01/2025,0.350,0.370,0.345,0.345,940600,0.345,-,-,0.345 - 0.370,0.270 - 0.470
31/12/2024,0.350,0.355,0.335,0.345,891600,0.355,-0.010,-2.82,0.335 - 0.355,0.270 - 0.470
30/12/2024,0.360,0.370,0.340,0.355,880000,0.355,-,-,0.340 - 0.370,0.270 - 0.470
27/12/2024,0.370,0.375,0.345,0.355,1098700,0.370,-0.015,-4.05,0.345 - 0.375,0.270 - 0.470
26/12/2024,0.365,0.370,0.365,0.370,809400,0.365,+0.005,+1.37,0.365 - 0.370,0.270 - 0.470
24/12/2024,0.365,0.365,0.365,0.365,734000,0.365,-,-,0.365 - 0.365,0.270 - 0.470
23/12/2024,0.360,0.365,0.350,0.365,825100,0.360,+0.005,+1.39,0.350 - 0.365,0.270 - 0.470
20/12/2024,0.355,0.365,0.355,0.360,824100,0.360,-,-,0.355 - 0.365,0.270 - 0.470
19/12/2024,0.355,0.365,0.340,0.360,880500,0.360,-,-,0.340 - 0.365,0.270 - 0.470
18/12/2024,0.355,0.365,0.355,0.360,546100,0.355,+0.005,+1.41,0.355 - 0.365,0.270 - 0.470
17/12/2024,0.355,0.355,0.335,0.355,967500,0.350,+0.005,+1.43,0.335 - 0.355,0.270 - 0.470
16/12/2024,0.335,0.360,0.335,0.350,996900,0.340,+0.010,+2.94,0.335 - 0.360,0.270 - 0.470
13/12/2024,0.335,0.350,0.335,0.340,717200,0.335,+0.005,+1.49,0.335 - 0.350,0.270 - 0.470
12/12/2024,0.345,0.345,0.330,0.335,1021800,0.350,-0.015,-4.29,0.330 - 0.345,0.270 - 0.470
11/12/2024,0.345,0.355,0.335,0.350,1097400,0.345,+0.005,+1.45,0.335 - 0.355,0.270 - 0.470
10/12/2024,0.340,0.345,0.330,0.345,1078000,0.345,-,-,0.330 - 0.345,0.270 - 0.470
09/12/2024,0.335,0.345,0.335,0.345,519700,0.335,+0.010,+2.99,0.335 - 0.345,0.270 - 0.470
06/12/2024,0.335,0.340,0.330,0.335,1672300,0.335,-,-,0.330 - 0.340,0.270 - 0.470
05/12/2024,0.340,0.340,0.330,0.335,882000,0.345,-0.010,-2.90,0.330 - 0.340,0.270 - 0.470
04/12/2024,0.340,0.345,0.310,0.345,895400,0.340,+0.005,+1.47,0.310 - 0.345,0.270 - 0.470
03/12/2024,0.335,0.340,0.335,0.340,1394000,0.335,+0.005,+1.49,0.335 - 0.340,0.270 - 0.470
02/12/2024,0.335,0.335,0.330,0.335,790600,0.335,-,-,0.330 - 0.335,0.270 - 0.470
29/11/2024,0.325,0.335,0.325,0.335,895000,0.325,+0.010,+3.08,0.325 - 0.335,0.270 - 0.470
28/11/2024,0.330,0.335,0.320,0.325,1169400,0.330,-0.005,-1.52,0.320 - 0.335,0.270 - 0.470
27/11/2024,0.330,0.335,0.305,0.330,872500,0.335,-0.005,-1.49,0.305 - 0.335,0.270 - 0.470
26/11/2024,0.335,0.335,0.305,0.335,760100,0.330,+0.005,+1.52,0.305 - 0.335,0.270 - 0.470
25/11/2024,0.325,0.335,0.325,0.330,1153100,0.330,-,-,0.325 - 0.335,0.270 - 0.470
22/11/2024,0.335,0.335,0.305,0.330,843100,0.335,-0.005,-1.49,0.305 - 0.335,0.270 - 0.475
21/11/2024,0.330,0.335,0.330,0.335,755000,0.330,+0.005,+1.52,0.330 - 0.335,0.270 - 0.475
20/11/2024,0.330,0.335,0.330,0.330,1232800,0.320,+0.010,+3.13,0.330 - 0.335,0.270 - 0.475
19/11/2024,0.330,0.335,0.320,0.320,877400,0.335,-0.015,-4.48,0.320 - 0.335,0.270 - 0.475
18/11/2024,0.330,0.335,0.330,0.335,683000,0.330,+0.005,+1.52,0.330 - 0.335,0.270 - 0.475
15/11/2024,0.330,0.340,0.330,0.330,1360900,0.335,-0.005,-1.49,0.330 - 0.340,0.270 - 0.475
14/11/2024,0.340,0.340,0.300,0.335,1131800,0.330,+0.005,+1.52,0.300 - 0.340,0.270 - 0.475
13/11/2024,0.325,0.330,0.320,0.330,457200,0.325,+0.005,+1.54,0.320 - 0.330,0.270 - 0.480
12/11/2024,0.325,0.325,0.325,0.325,1267800,0.320,+0.005,+1.56,0.325 - 0.325,0.270 - 0.480
11/11/2024,0.290,0.330,0.290,0.320,1012100,0.310,+0.010,+3.23,0.290 - 0.330,0.270 - 0.480
08/11/2024,0.300,0.335,0.300,0.310,528600,0.285,+0.025,+8.77,0.300 - 0.335,0.270 - 0.490
07/11/2024,0.300,0.305,0.270,0.285,1546500,0.310,-0.025,-8.06,0.270 - 0.305,0.305 - 0.490
06/11/2024,0.325,0.330,0.305,0.310,891300,0.335,-0.025,-7.46,0.305 - 0.330,0.310 - 0.490
05/11/2024,0.335,0.335,0.315,0.335,477100,0.330,+0.005,+1.52,0.315 - 0.335,0.310 - 0.490
04/11/2024,0.330,0.330,0.330,0.330,1248000,0.335,-0.005,-1.49,0.330 - 0.330,0.310 - 0.490
01/11/2024,0.335,0.335,0.335,0.335,860500,0.335,-,-,0.335 - 0.335,0.310 - 0.490
30/10/2024,0.335,0.335,0.335,0.335,386000,0.335,-,-,0.335 - 0.335,0.310 - 0.490
29/10/2024,0.330,0.335,0.330,0.335,1258800,0.340,-0.005,-1.47,0.330 - 0.335,0.310 - 0.495
28/10/2024,0.340,0.340,0.310,0.340,955700,0.340,-,-,0.310 - 0.340,0.335 - 0.495
25/10/2024,0.340,0.340,0.335,0.340,367200,0.340,-,-,0.335 - 0.340,0.335 - 0.500
24/10/2024,0.340,0.340,0.335,0.340,1391300,0.340,-,-,0.335 - 0.340,0.335 - 0.525
23/10/2024,0.340,0.340,0.340,0.340,877000,0.340,-,-,0.340 - 0.340,0.335 - 0.525
22/10/2024,0.345,0.345,0.340,0.340,580100,0.340,-,-,0.340 - 0.345,0.335 - 0.525
21/10/2024,0.340,0.340,0.340,0.340,902000,0.340,-,-,0.340 - 0.340,0.335 - 0.525
18/10/2024,0.345,0.345,0.340,0.340,831100,0.340,-,-,0.340 - 0.345,0.335 - 0.525
17/10/2024,0.340,0.340,0.335,0.340,581100,0.340,-,-,0.335 - 0.340,0.335 - 0.525
16/10/2024,0.340,0.340,0.340,0.340,1047000,0.345,-0.005,-1.45,0.340 - 0.340,0.335 - 0.525
15/10/2024,0.345,0.345,0.340,0.345,893100,0.350,-0.005,-1.43,0.340 - 0.345,0.335 - 0.525
14/10/2024,0.350,0.355,0.345,0.350,566000,0.350,-,-,0.345 - 0.355,0.335 - 0.525
11/10/2024,0.345,0.350,0.335,0.350,965100,0.345,+0.005,+1.45,0.335 - 0.350,0.340 - 0.525
10/10/2024,0.345,0.350,0.345,0.345,897000,0.350,-0.005,-1.43,0.345 - 0.350,0.340 - 0.525
09/10/2024,0.355,0.355,0.345,0.350,602500,0.360,-0.010,-2.78,0.345 - 0.355,0.340 - 0.525
08/10/2024,0.355,0.360,0.355,0.360,815100,0.360,-,-,0.355 - 0.360,0.340 - 0.525
07/10/2024,0.365,0.370,0.350,0.360,920100,0.365,-0.005,-1.37,0.350 - 0.370,0.340 - 0.525
04/10/2024,0.365,0.365,0.365,0.365,520000,0.365,-,-,0.365 - 0.365,0.340 - 0.525
03/10/2024,0.360,0.370,0.360,0.365,1129100,0.360,+0.005,+1.39,0.360 - 0.370,0.340 - 0.525
02/10/2024,0.360,0.370,0.350,0.360,611000,0.365,-0.005,-1.37,0.350 - 0.370,0.340 - 0.525
01/10/2024,0.360,0.365,0.360,0.365,722000,0.365,-,-,0.360 - 0.365,0.340 - 0.525
30/09/2024,0.355,0.370,0.350,0.365,2080900,0.355,+0.010,+2.82,0.350 - 0.370,0.340 - 0.525
27/09/2024,0.355,0.355,0.345,0.355,530300,0.355,-,-,0.345 - 0.355,0.340 - 0.525
26/09/2024,0.360,0.360,0.345,0.355,552200,0.360,-0.005,-1.39,0.345 - 0.360,0.340 - 0.525
25/09/2024,0.365,0.365,0.345,0.360,1158000,0.360,-,-,0.345 - 0.365,0.340 - 0.525
24/09/2024,0.360,0.365,0.360,0.360,715000,0.360,-,-,0.360 - 0.365,0.340 - 0.525
23/09/2024,0.365,0.365,0.360,0.360,633000,0.365,-0.005,-1.37,0.360 - 0.365,0.340 - 0.525
20/09/2024,0.365,0.365,0.360,0.365,1073400,0.365,-,-,0.360 - 0.365,0.340 - 0.525
19/09/2024,0.365,0.365,0.365,0.365,738200,0.365,-,-,0.365 - 0.365,0.340 - 0.525
18/09/2024,0.365,0.365,0.340,0.365,419000,0.370,-0.005,-1.35,0.340 - 0.365,0.345 - 0.525
17/09/2024,0.370,0.370,0.370,0.370,1221100,0.385,-0.015,-3.90,0.370 - 0.370,0.345 - 0.525
13/09/2024,0.360,0.390,0.360,0.385,630200,0.365,+0.020,+5.48,0.360 - 0.390,0.345 - 0.525
12/09/2024,0.360,0.365,0.360,0.365,430000,0.360,+0.005,+1.39,0.360 - 0.365,0.345 - 0.525
11/09/2024,0.360,0.365,0.360,0.360,1095000,0.365,-0.005,-1.37,0.360 - 0.365,0.345 - 0.525
10/09/2024,0.375,0.375,0.365,0.365,607000,0.360,+0.005,+1.39,0.365 - 0.375,0.345 - 0.525
09/09/2024,0.355,0.360,0.345,0.360,427000,0.360,-,-,0.345 - 0.360,0.350 - 0.525
06/09/2024,0.360,0.365,0.350,0.360,1185000,0.365,-0.005,-1.37,0.350 - 0.365,0.360 - 0.525
05/09/2024,0.365,0.370,0.365,0.365,450000,0.365,-,-,0.365 - 0.370,0.360 - 0.525
04/09/2024,0.370,0.400,0.360,0.365,407700,0.370,-0.005,-1.35,0.360 - 0.400,0.365 - 0.535
03/09/2024,0.370,0.370,0.365,0.370,1204600,0.370,-,-,0.365 - 0.370,0.365 - 0.535
02/09/2024,0.375,0.375,0.365,0.370,812600,0.365,+0.005,+1.37,0.365 - 0.375,0.365 - 0.535
30/08/2024,0.375,0.385,0.365,0.365,374400,0.375,-0.010,-2.67,0.365 - 0.385,0.365 - 0.535
29/08/2024,0.375,0.380,0.370,0.375,739200,0.375,-,-,0.370 - 0.380,0.365 - 0.535
28/08/2024,0.370,0.375,0.370,0.375,853000,0.370,+0.005,+1.35,0.370 - 0.375,0.365 - 0.535
27/08/2024,0.380,0.380,0.370,0.370,384800,0.380,-0.010,-2.63,0.370 - 0.380,0.365 - 0.535
26/08/2024,0.375,0.380,0.370,0.380,676600,0.375,+0.005,+1.33,0.370 - 0.380,0.365 - 0.535
23/08/2024,0.370,0.380,0.370,0.375,765100,0.370,+0.005,+1.35,0.370 - 0.380,0.365 - 0.535
22/08/2024,0.375,0.380,0.365,0.370,794200,0.370,-,-,0.365 - 0.380,0.370 - 0.535
21/08/2024,0.375,0.380,0.370,0.370,476300,0.370,-,-,0.370 - 0.380,0.370 - 0.535
20/08/2024,0.375,0.380,0.370,0.370,895100,0.375,-0.005,-1.33,0.370 - 0.380,0.370 - 0.535
19/08/2024,0.375,0.375,0.370,0.375,361300,0.375,-,-,0.370 - 0.375,0.370 - 0.535
16/08/2024,0.375,0.375,0.375,0.375,451800,0.375,-,-,0.375 - 0.375,0.370 - 0.535
15/08/2024,0.375,0.380,0.375,0.375,962100,0.380,-0.005,-1.32,0.375 - 0.380,0.370 - 0.535
14/08/2024,0.380,0.380,0.380,0.380,0,0.380,0,0,0.380 - 0.380,0.370 - 0.535
13/08/2024,0.385,0.385,0.370,0.380,476100,0.385,-0.005,-1.30,0.370 - 0.385,0.370 - 0.535
12/08/2024,0.385,0.390,0.375,0.385,1054200,0.385,-,-,0.375 - 0.390,0.370 - 0.535
09/08/2024,0.380,0.385,0.380,0.385,50100,0.385,-,-,0.380 - 0.385,0.370 - 0.535
08/08/2024,0.385,0.385,0.385,0.385,528800,0.380,+0.005,+1.32,0.385 - 0.385,0.370 - 0.535
07/08/2024,0.385,0.390,0.370,0.380,906000,0.380,-,-,0.370 - 0.390,0.370 - 0.535
06/08/2024,0.375,0.380,0.370,0.380,28200,0.375,+0.005,+1.33,0.370 - 0.380,0.370 - 0.535
05/08/2024,0.390,0.395,0.370,0.375,682000,0.385,-0.010,-2.60,0.370 - 0.395,0.370 - 0.535
02/08/2024,0.390,0.395,0.385,0.385,799100,0.395,-0.010,-2.53,0.385 - 0.395,0.385 - 0.535
01/08/2024,0.385,0.395,0.385,0.395,72300,0.395,-,-,0.385 - 0.395,0.385 - 0.535
31/07/2024,0.390,0.395,0.390,0.395,282000,0.395,-,-,0.390 - 0.395,0.385 - 0.535
30/07/2024,0.385,0.400,0.385,0.395,842700,0.400,-0.005,-1.25,0.385 - 0.400,0.385 - 0.535
29/07/2024,0.400,0.400,0.385,0.400,215000,0.395,+0.005,+1.27,0.385 - 0.400,0.385 - 0.535
26/07/2024,0.400,0.405,0.395,0.395,131100,0.400,-0.005,-1.25,0.395 - 0.405,0.390 - 0.535
25/07/2024,0.395,0.405,0.390,0.400,773200,0.400,-,-,0.390 - 0.405,0.390 - 0.535
24/07/2024,0,0.390,0.390,0.400,0,0.400,0,0,-,-,0.390 - 0.535,0.390 - 0.535
23/07/2024,0.400,0.400,0.390,0.400,319200,0.400,-,-,0.390 - 0.400,0.395 - 0.535
22/07/2024,0.405,0.410,0.395,0.400,526600,0.400,-,-,0.395 - 0.410,0.395 - 0.535
19/07/2024,0.400,0.405,0.395,0.400,58400,0.400,-,-,0.395 - 0.405,0.395 - 0.535
18/07/2024,0.400,0.400,0.400,0.400,5000,0.405,-0.005,-1.23,0.400 - 0.400,0.395 - 0.535
17/07/2024,0.405,0.410,0.405,0.405,484800,0.405,-,-,0.405 - 0.410,0.395 - 0.535
16/07/2024,0.400,0.410,0.400,0.405,489300,0.400,+0.005,+1.25,0.400 - 0.410,0.395 - 0.535
15/07/2024,0.395,0.405,0.395,0.400,126400,0.400,-,-,0.395 - 0.405,0.395 - 0.535
12/07/2024,0.405,0.405,0.395,0.400,16900,0.405,-0.005,-1.23,0.395 - 0.405,0.395 - 0.535
11/07/2024,0.395,0.410,0.395,0.405,469200,0.405,-,-,0.395 - 0.410,0.395 - 0.535
10/07/2024,0.400,0.410,0.395,0.405,203900,0.400,+0.005,+1.25,0.395 - 0.410,0.395 - 0.535
09/07/2024,0.410,0.410,0.400,0.400,209600,0.410,-0.010,-2.44,0.400 - 0.410,0.395 - 0.535
05/07/2024,0.410,0.410,0.405,0.410,75200,0.405,+0.005,+1.23,0.405 - 0.410,0.395 - 0.535
04/07/2024,0.405,0.410,0.400,0.405,418100,0.405,-,-,0.400 - 0.410,0.395 - 0.535
03/07/2024,0.410,0.410,0.400,0.405,19800,0.405,-,-,0.400 - 0.410,0.395 - 0.535
02/07/2024,0.405,0.410,0.405,0.405,83100,0.415,-0.010,-2.41,0.405 - 0.410,0.395 - 0.535
01/07/2024,0.410,0.415,0.405,0.415,89100,0.415,-,-,0.405 - 0.415,0.395 - 0.535
28/06/2024,0.415,0.415,0.405,0.415,57600,0.410,+0.005,+1.22,0.405 - 0.415,0.395 - 0.535
27/06/2024,0.410,0.415,0.410,0.410,50100,0.415,-0.005,-1.20,0.410 - 0.415,0.395 - 0.535
26/06/2024,0.410,0.415,0.410,0.415,14100,0.415,-,-,0.410 - 0.415,0.395 - 0.535
25/06/2024,0.420,0.420,0.410,0.415,90800,0.410,+0.005,+1.22,0.410 - 0.420,0.395 - 0.535
24/06/2024,0.415,0.415,0.410,0.410,10100,0.410,-,-,0.410 - 0.415,0.395 - 0.535
21/06/2024,0.410,0.410,0.410,0.410,20000,0.415,-0.005,-1.20,0.410 - 0.410,0.395 - 0.535
20/06/2024,0.410,0.415,0.405,0.415,102000,0.410,+0.005,+1.22,0.405 - 0.415,0.395 - 0.535
19/06/2024,0.410,0.410,0.405,0.410,55200,0.410,-,-,0.405 - 0.410,0.395 - 0.535
18/06/2024,0.420,0.420,0.410,0.410,171000,0.410,-,-,0.410 - 0.420,0.395 - 0.535
14/06/2024,0.415,0.415,0.405,0.410,71700,0.415,-0.005,-1.20,0.405 - 0.415,0.395 - 0.535
13/06/2024,0.415,0.415,0.405,0.415,102500,0.415,-,-,0.405 - 0.415,0.395 - 0.535
12/06/2024,0.405,0.415,0.405,0.415,123700,0.410,+0.005,+1.22,0.405 - 0.415,0.395 - 0.535
11/06/2024,0.410,0.415,0.410,0.410,159600,0.420,-0.010,-2.38,0.410 - 0.415,0.395 - 0.535
10/06/2024,0.410,0.420,0.410,0.420,55300,0.420,-,-,0.410 - 0.420,0.395 - 0.535
07/06/2024,0.405,0.425,0.405,0.420,237300,0.410,+0.010,+2.44,0.405 - 0.425,0.395 - 0.535
06/06/2024,0.405,0.410,0.400,0.410,79100,0.410,-,-,0.400 - 0.410,0.395 - 0.535
05/06/2024,0.405,0.410,0.405,0.410,22700,0.410,-,-,0.405 - 0.410,0.395 - 0.535
04/06/2024,0.400,0.410,0.400,0.410,188500,0.405,+0.005,+1.23,0.400 - 0.410,0.395 - 0.535
31/05/2024,0.405,0.405,0.400,0.405,280200,0.410,-0.005,-1.22,0.400 - 0.405,0.395 - 0.535
30/05/2024,0.410,0.410,0.410,0.410,5000,0.410,-,-,0.410 - 0.410,0.395 - 0.535
29/05/2024,0.410,0.410,0.405,0.410,162300,0.415,-0.005,-1.20,0.405 - 0.410,0.395 - 0.535
28/05/2024,0.410,0.415,0.405,0.415,52100,0.420,-0.005,-1.19,0.405 - 0.415,0.395 - 0.535
27/05/2024,0.415,0.420,0.415,0.420,11100,0.420,-,-,0.415 - 0.420,0.395 - 0.535
24/05/2024,0.410,0.420,0.405,0.420,32600,0.420,-,-,0.405 - 0.420,0.395 - 0.535
23/05/2024,0.420,0.420,0.405,0.420,78900,0.420,-,-,0.405 - 0.420,0.395 - 0.535
21/05/2024,0.420,0.420,0.410,0.420,232900,0.410,+0.010,+2.44,0.410 - 0.420,0.395 - 0.535
20/05/2024,0.435,0.440,0.395,0.410,1780100,0.440,-0.030,-6.82,0.395 - 0.440,0.400 - 0.535
17/05/2024,0.435,0.440,0.435,0.440,300,0.440,-,-,0.435 - 0.440,0.400 - 0.580
16/05/2024,0.450,0.450,0.440,0.440,32300,0.450,-0.010,-2.22,0.440 - 0.450,0.400 - 0.590
15/05/2024,0.440,0.450,0.440,0.450,81100,0.445,+0.005,+1.12,0.440 - 0.450,0.400 - 0.595
14/05/2024,0.450,0.450,0.440,0.445,24400,0.450,-0.005,-1.11,0.440 - 0.450,0.400 - 0.610
13/05/2024,0.450,0.465,0.445,0.450,271800,0.450,-,-,0.445 - 0.465,0.400 - 0.610
10/05/2024,0.410,0.455,0.405,0.450,818300,0.410,+0.040,+9.76,0.405 - 0.455,0.400 - 0.610
09/05/2024,0.405,0.410,0.405,0.410,34000,0.410,-,-,0.405 - 0.410,0.400 - 0.610
08/05/2024,0.405,0.410,0.400,0.410,65200,0.410,-,-,0.400 - 0.410,0.400 - 0.610
07/05/2024,0.405,0.410,0.405,0.410,35600,0.410,-,-,0.405 - 0.410,0.400 - 0.610
06/05/2024,0.410,0.410,0.410,0.410,10000,0.410,-,-,0.410 - 0.410,0.400 - 0.610
03/05/2024,0.405,0.410,0.405,0.410,2200,0.405,+0.005,+1.23,0.405 - 0.410,0.400 - 0.610
02/05/2024,0.400,0.410,0.400,0.405,230500,0.400,+0.005,+1.25,0.400 - 0.410,0.400 - 0.610
30/04/2024,0.400,0.405,0.400,0.400,122800,0.405,-0.005,-1.23,0.400 - 0.405,0.400 - 0.610
29/04/2024,0.405,0.410,0.400,0.405,95200,0.400,+0.005,+1.25,0.400 - 0.410,0.400 - 0.610
26/04/2024,0.410,0.410,0.400,0.400,39200,0.410,-0.010,-2.44,0.400 - 0.410,0.400 - 0.610
25/04/2024,0.415,0.420,0.400,0.410,335900,0.420,-0.010,-2.38,0.400 - 0.420,0.400 - 0.610
24/04/2024,0.415,0.420,0.415,0.420,50200,0.420,-,-,0.415 - 0.420,0.400 - 0.610
23/04/2024,0.420,0.420,0.415,0.420,17200,0.420,-,-,0.415 - 0.420,0.400 - 0.610
22/04/2024,0.410,0.420,0.410,0.420,80200,0.420,-,-,0.410 - 0.420,0.400 - 0.610
19/04/2024,0.415,0.420,0.405,0.420,196900,0.420,-,-,0.405 - 0.420,0.400 - 0.610
18/04/2024,0.420,0.420,0.420,0.420,20000,0.420,-,-,0.420 - 0.420,0.400 - 0.610
17/04/2024,0.400,0.435,0.400,0.420,3064800,0.410,+0.010,+2.44,0.400 - 0.435,0.400 - 0.610
16/04/2024,0.425,0.425,0.400,0.410,609900,0.430,-0.020,-4.65,0.400 - 0.425,0.410 - 0.610
15/04/2024,0.425,0.435,0.420,0.430,623700,0.425,+0.005,+1.18,0.420 - 0.435,0.410 - 0.610
12/04/2024,0.430,0.430,0.415,0.425,382200,0.425,-,-,0.415 - 0.430,0.410 - 0.610
09/04/2024,0.430,0.430,0.425,0.425,695400,0.425,-,-,0.425 - 0.430,0.410 - 0.610
08/04/2024,0.420,0.425,0.415,0.425,6000,0.420,+0.005,+1.19,0.415 - 0.425,0.410 - 0.610
05/04/2024,0.420,0.435,0.420,0.420,1065000,0.420,-,-,0.420 - 0.435,0.410 - 0.610
04/04/2024,0.420,0.420,0.410,0.420,61000,0.425,-0.005,-1.18,0.410 - 0.420,0.410 - 0.615
03/04/2024,0.430,0.430,0.425,0.425,4300,0.430,-0.005,-1.16,0.425 - 0.430,0.410 - 0.615
02/04/2024,0.425,0.430,0.415,0.430,1122000,0.425,+0.005,+1.18,0.415 - 0.430,0.410 - 0.615
01/04/2024,0.425,0.425,0.415,0.425,18100,0.425,-,-,0.415 - 0.425,0.410 - 0.615
29/03/2024,0.425,0.425,0.410,0.425,300000,0.425,-,-,0.410 - 0.425,0.410 - 0.615
27/03/2024,0.425,0.430,0.410,0.425,831300,0.425,-,-,0.410 - 0.430,0.410 - 0.615
26/03/2024,0.430,0.430,0.410,0.425,197200,0.430,-0.005,-1.16,0.410 - 0.430,0.410 - 0.615
25/03/2024,0.430,0.430,0.410,0.430,295000,0.435,-0.005,-1.15,0.410 - 0.430,0.410 - 0.615
22/03/2024,0.415,0.435,0.415,0.435,1722200,0.430,+0.005,+1.16,0.415 - 0.435,0.410 - 0.615
21/03/2024,0.415,0.430,0.415,0.430,67500,0.430,-,-,0.415 - 0.430,0.410 - 0.615
20/03/2024,0.435,0.440,0.415,0.430,497200,0.425,+0.005,+1.18,0.415 - 0.440,0.410 - 0.615
19/03/2024,0.435,0.435,0.420,0.425,1292000,0.440,-0.015,-3.41,0.420 - 0.435,0.410 - 0.615
15/03/2024,0.440,0.440,0.430,0.440,59500,0.440,-,-,0.430 - 0.440,0.410 - 0.615
14/03/2024,0.440,0.440,0.425,0.440,733000,0.440,-,-,0.425 - 0.440,0.410 - 0.615
13/03/2024,0.435,0.445,0.430,0.440,1007600,0.435,+0.005,+1.15,0.430 - 0.445,0.410 - 0.615
12/03/2024,0.430,0.435,0.430,0.435,1100,0.430,+0.005,+1.16,0.430 - 0.435,0.410 - 0.615
11/03/2024,0.440,0.450,0.430,0.430,873800,0.440,-0.010,-2.27,0.430 - 0.450,0.410 - 0.615
08/03/2024,0.440,0.450,0.440,0.440,793300,0.440,-,-,0.440 - 0.450,0.410 - 0.670
07/03/2024,0.450,0.450,0.435,0.440,26400,0.450,-0.010,-2.22,0.435 - 0.450,0.410 - 0.670
06/03/2024,0.455,0.455,0.450,0.450,706200,0.460,-0.010,-2.17,0.450 - 0.455,0.410 - 0.670
05/03/2024,0.450,0.460,0.430,0.460,845400,0.450,+0.010,+2.22,0.430 - 0.460,0.410 - 0.690
04/03/2024,0.455,0.455,0.440,0.450,8300,0.450,-,-,0.440 - 0.455,0.410 - 0.690
01/03/2024,0.460,0.460,0.425,0.450,1292000,0.455,-0.005,-1.10,0.425 - 0.460,0.410 - 0.710
29/02/2024,0.460,0.460,0.445,0.455,349600,0.465,-0.010,-2.15,0.445 - 0.460,0.410 - 0.725
28/02/2024,0.465,0.465,0.450,0.465,188100,0.465,-,-,0.450 - 0.465,0.410 - 0.730
27/02/2024,0.455,0.470,0.455,0.465,1170100,0.455,+0.010,+2.20,0.455 - 0.470,0.410 - 0.740
26/02/2024,0.455,0.465,0.450,0.455,633000,0.450,+0.005,+1.11,0.450 - 0.465,0.410 - 0.740
23/02/2024,0.455,0.460,0.445,0.450,398500,0.455,-0.005,-1.10,0.445 - 0.460,0.410 - 0.760
22/02/2024,0.460,0.465,0.445,0.455,281000,0.455,-,-,0.445 - 0.465,0.410 - 0.760
21/02/2024,0.455,0.460,0.445,0.455,621500,0.455,-,-,0.445 - 0.460,0.410 - 0.760
20/02/2024,0.445,0.455,0.440,0.455,374400,0.445,+0.010,+2.25,0.440 - 0.455,0.410 - 0.760
19/02/2024,0.450,0.460,0.440,0.445,443800,0.450,-0.005,-1.11,0.440 - 0.460,0.410 - 0.760
16/02/2024,0.450,0.455,0.440,0.450,538600,0.450,-,-,0.440 - 0.455,0.410 - 0.760
15/02/2024,0.450,0.455,0.445,0.450,311000,0.450,-,-,0.445 - 0.455,0.410 - 0.760
14/02/2024,0.445,0.450,0.445,0.450,356100,0.445,+0.005,+1.12,0.445 - 0.450,0.410 - 0.760
13/02/2024,0.440,0.450,0.440,0.445,781000,0.445,-,-,0.440 - 0.450,0.410 - 0.760
09/02/2024,0.445,0.445,0.435,0.445,46200,0.445,-,-,0.435 - 0.445,0.410 - 0.760
08/02/2024,0.450,0.450,0.435,0.445,141000,0.445,-,-,0.435 - 0.450,0.410 - 0.760
07/02/2024,0.440,0.450,0.435,0.445,997200,0.435,+0.010,+2.30,0.435 - 0.450,0.410 - 0.760
06/02/2024,0.440,0.445,0.435,0.435,493300,0.445,-0.010,-2.25,0.435 - 0.445,0.410 - 0.760
05/02/2024,0.445,0.455,0.440,0.445,673000,0.450,-0.005,-1.11,0.440 - 0.455,0.410 - 0.760
02/02/2024,0.450,0.450,0.435,0.450,1156900,0.450,-,-,0.435 - 0.450,0.410 - 0.765
31/01/2024,0.450,0.450,0.445,0.450,373500,0.445,+0.005,+1.12,0.445 - 0.450,0.410 - 0.770
30/01/2024,0.445,0.455,0.430,0.445,824000,0.445,-,-,0.430 - 0.455,0.410 - 0.770
29/01/2024,0.430,0.450,0.430,0.445,835900,0.450,-0.005,-1.11,0.430 - 0.450,0.410 - 0.770
26/01/2024,0.445,0.450,0.440,0.450,685000,0.445,+0.005,+1.12,0.440 - 0.450,0.410 - 0.770
24/01/2024,0.445,0.450,0.435,0.445,665000,0.450,-0.005,-1.11,0.435 - 0.450,0.410 - 0.775
23/01/2024,0.430,0.450,0.425,0.450,524700,0.450,-,-,0.425 - 0.450,0.410 - 0.775
22/01/2024,0.455,0.455,0.425,0.450,382500,0.450,-,-,0.425 - 0.455,0.410 - 0.775
19/01/2024,0.440,0.460,0.425,0.450,935000,0.450,-,-,0.425 - 0.460,0.410 - 0.780
18/01/2024,0.440,0.450,0.425,0.450,374600,0.450,-,-,0.425 - 0.450,0.410 - 0.780
17/01/2024,0.450,0.460,0.440,0.450,577000,0.450,-,-,0.440 - 0.460,0.410 - 0.785
16/01/2024,0.450,0.460,0.445,0.450,703000,0.455,-0.005,-1.10,0.445 - 0.460,0.410 - 0.785
15/01/2024,0.450,0.460,0.450,0.455,492000,0.450,+0.005,+1.11,0.450 - 0.460,0.410 - 0.785
12/01/2024,0.455,0.460,0.435,0.450,650100,0.455,-0.005,-1.10,0.435 - 0.460,0.410 - 0.785
11/01/2024,0.450,0.460,0.450,0.455,974400,0.450,+0.005,+1.11,0.450 - 0.460,0.410 - 0.785
10/01/2024,0.450,0.450,0.450,0.450,544100,0.450,-,-,0.450 - 0.450,0.410 - 0.790
09/01/2024,0.455,0.455,0.445,0.450,485200,0.455,-0.005,-1.10,0.445 - 0.455,0.410 - 0.790
08/01/2024,0.450,0.455,0.445,0.455,1481800,0.445,+0.010,+2.25,0.445 - 0.455,0.410 - 0.790
05/01/2024,0.450,0.455,0.440,0.445,315000,0.450,-0.005,-1.11,0.440 - 0.455,0.410 - 0.790
04/01/2024,0.440,0.450,0.440,0.450,1486200,0.445,+0.005,+1.12,0.440 - 0.450,0.410 - 0.790
03/01/2024,0.450,0.450,0.440,0.445,978200,0.450,-0.005,-1.11,0.440 - 0.450,0.410 - 0.790
02/01/2024,0.450,0.455,0.440,0.450,837600,0.445,+0.005,+1.12,0.440 - 0.455,0.410 - 0.790
29/12/2023,0.445,0.445,0.435,0.445,633000,0.440,+0.005,+1.14,0.435 - 0.445,0.410 - 0.795
28/12/2023,0.450,0.450,0.435,0.440,826400,0.440,-,-,0.435 - 0.450,0.410 - 0.795
27/12/2023,0.450,0.450,0.435,0.440,1158300,0.445,-0.005,-1.12,0.435 - 0.450,0.410 - 0.795
26/12/2023,0.450,0.450,0.430,0.445,509000,0.450,-0.005,-1.11,0.430 - 0.450,0.410 - 0.795
22/12/2023,0.450,0.455,0.445,0.450,577200,0.450,-,-,0.445 - 0.455,0.410 - 0.800
21/12/2023,0.445,0.455,0.430,0.450,1672000,0.455,-0.005,-1.10,0.430 - 0.455,0.410 - 0.805
20/12/2023,0.450,0.455,0.445,0.455,514000,0.450,+0.005,+1.11,0.445 - 0.455,0.410 - 0.825
19/12/2023,0.450,0.455,0.440,0.450,650000,0.450,-,-,0.440 - 0.455,0.410 - 0.825
18/12/2023,0.455,0.455,0.445,0.450,1477300,0.455,-0.005,-1.10,0.445 - 0.455,0.410 - 0.825
15/12/2023,0.455,0.460,0.450,0.455,730000,0.455,-,-,0.450 - 0.460,0.410 - 0.825
14/12/2023,0.460,0.460,0.450,0.455,955000,0.460,-0.005,-1.09,0.450 - 0.460,0.410 - 0.825
13/12/2023,0.460,0.460,0.450,0.460,372000,0.460,-,-,0.450 - 0.460,0.410 - 0.825
12/12/2023,0.460,0.460,0.445,0.460,931900,0.460,-,-,0.445 - 0.460,0.410 - 0.825
11/12/2023,0.455,0.465,0.455,0.460,861000,0.455,+0.005,+1.10,0.455 - 0.465,0.410 - 0.825
08/12/2023,0.460,0.460,0.445,0.455,194300,0.460,-0.005,-1.09,0.445 - 0.460,0.410 - 0.825
07/12/2023,0.460,0.465,0.450,0.460,921600,0.460,-,-,0.450 - 0.465,0.410 - 0.825
06/12/2023,0.460,0.465,0.450,0.460,644100,0.465,-0.005,-1.08,0.450 - 0.465,0.410 - 0.825
05/12/2023,0.455,0.465,0.455,0.465,407000,0.460,+0.005,+1.09,0.455 - 0.465,0.410 - 0.825
04/12/2023,0.450,0.465,0.445,0.460,645100,0.450,+0.010,+2.22,0.445 - 0.465,0.410 - 0.825
01/12/2023,0.460,0.465,0.440,0.450,962200,0.460,-0.010,-2.17,0.440 - 0.465,0.410 - 0.825
30/11/2023,0.460,0.465,0.455,0.460,401400,0.455,+0.005,+1.10,0.455 - 0.465,0.410 - 0.825
29/11/2023,0.460,0.465,0.455,0.455,305700,0.460,-0.005,-1.09,0.455 - 0.465,0.410 - 0.825
28/11/2023,0.465,0.470,0.455,0.460,1173200,0.465,-0.005,-1.08,0.455 - 0.470,0.410 - 0.825
27/11/2023,0.460,0.465,0.455,0.465,171200,0.465,0.005,1.08,0.460 - 0.465,0.410 - 0.825
24/11/2023,0.465,0.465,0.455,0.465,401600,0.465,-,-,0.455 - 0.465,0.410 - 0.825
23/11/2023,0.465,0.475,0.460,0.465,1167700,0.465,-,-,0.460 - 0.475,0.410 - 0.825
22/11/2023,0.465,0.465,0.455,0.465,540600,0.465,-,-,0.455 - 0.465,0.410 - 0.825
21/11/2023,0.465,0.465,0.455,0.465,1035200,0.465,-,-,0.455 - 0.465,0.410 - 0.825
20/11/2023,0.455,0.470,0.450,0.465,779100,0.470,-0.005,-1.06,0.450 - 0.470,0.410 - 0.825
17/11/2023,0.465,0.470,0.465,0.470,741400,0.465,0.005,1.08,0.465 - 0.470,0.410 - 0.825
16/11/2023,0.465,0.470,0.455,0.465,1675800,0.465,-,-,0.455 - 0.470,0.410 - 0.825
15/11/2023,0.460,0.470,0.455,0.465,258100,0.465,-,-,0.455 - 0.470,0.410 - 0.825
14/11/2023,0.470,0.480,0.460,0.465,444500,0.470,-0.005,-1.06,0.460 - 0.480,0.410 - 0.825
10/11/2023,0.475,0.480,0.460,0.470,1781600,0.475,-0.005,-1.05,0.460 - 0.480,0.410 - 0.825
09/11/2023,0.485,0.490,0.470,0.475,1006300,0.480,-0.005,-1.04,0.470 - 0.490,0.410 - 0.825
08/11/2023,0.475,0.485,0.470,0.480,1107800,0.475,0.005,1.05,0.470 - 0.485,0.410 - 0.825
07/11/2023,0.455,0.476,0.455,0.475,2036500,0.475,0.02,4.4,0.455 - 0.475,0.410 - 0.825
06/11/2023,0.455,0.470,0.455,0.455,1106500,0.455,-,-,0.455 - 0.470, 0.410 - 0.825
03/11/2023,0.455,0.460,0.445,0.455,933100,0.455,-,-,0.445 - 0.460, 0.410 - 0.825
02/11/2023,0.455,0.465,0.445,0.450,1770600,0.450,-,-,0.445 - 0.465, 0.410 - 0.825
01/11/2023,0.460,0.465,0.450,0.460,429500,0.460,-,-,0.450 - 0.465, 0.410 - 0.825
31/10/2023,0.465,0.470,0.450,0.460,705500,0.460,-,-,0.450 - 0.470, 0.410 - 0.825
30/10/2023,0.495,0.495,0.460,0.460,2032700,0.460,-,-,0.460 - 0.495, 0.410 - 0.825
27/10/2023,0.500,0.500,0.485,0.495,1091000,0.495,-,-,0.485 - 0.500, 0.410 - 0.825
26/10/2023,0.500,0.500,0.490,0.500,25700,0.500,-,-,0.490 - 0.500, 0.410 - 0.825
25/10/2023,0.500,0.525,0.490,0.505,5053200,0.505,-,-,0.490 - 0.525, 0.410 - 0.825
24/10/2023,0.500,0.505,0.495,0.500,2397100,0.500,-,-,0.495 - 0.505, 0.410 - 0.825
23/10/2023,0.500,0.505,0.495,0.500,541900,0.500,-,-,0.495 - 0.505, 0.410 - 0.825
20/10/2023,0.505,0.505,0.490,0.500,528300,0.500,-,-,0.490 - 0.505, 0.410 - 0.825
19/10/2023,0.495,0.510,0.495,0.500,1160500,0.500,-,-,0.495 - 0.510,0.410 - 0.825
18/10/2023,0.505,0.510,0.490,0.495,744400,0.505,-0.01,-1.98,0.490 - 0.510,0.410 - 0.825
17/10/2023,0.500,0.510,0.500,0.505,669100,0.495,0.01,2.02,0.500 - 0.510,0.410 - 0.825
16/10/2023,0.495,0.500,0.495,0.495,610700,0.500,,,,
13/10/2023,0.490,0.500,0.485,0.500,460800,0.490,,,,
12/10/2023,0.480,0.490,0.475,0.490,294700,0.485,,,,
11/10/2023,0.485,0.485,0.480,0.485,838200,0.485,,,,
10/10/2023,0.485,0.485,0.475,0.485,365600,0.485,,,,
09/10/2023,0.485,0.485,0.475,0.485,1140400,0.485,,,,
06/10/2023,0.480,0.485,0.480,0.485,98300,0.480,,,,
05/10/2023,0.480,0.485,0.470,0.480,172600,0.485,,,,
04/10/2023,0.485,0.485,0.475,0.485,804700,0.480,,,,
03/10/2023,0.485,0.490,0.470,0.480,315200,0.480,,,,
02/10/2023,0.470,0.490,0.470,0.480,986900,0.470,,,,
29/09/2023,0.505,0.505,0.470,0.470,1152100,0.500,,,,
27/09/2023,0.495,0.505,0.490,0.500,840700,0.495,,,,
26/09/2023,0.505,0.510,0.490,0.495,1154800,0.505,,,,
25/09/2023,0.510,0.515,0.495,0.505,460200,0.510,,,,
22/09/2023,0.500,0.510,0.500,0.510,155000,0.500,,,,
21/09/2023,0.510,0.510,0.490,0.500,1188600,0.510,,,,
20/09/2023,0.520,0.520,0.490,0.510,676900,0.520,,,,
19/09/2023,0.510,0.520,0.505,0.520,1409100,0.515,,,,
18/09/2023,0.485,0.515,0.470,0.515,5598200,0.480,,,,
15/09/2023,0.470,0.490,0.465,0.480,798700,0.465,,,,
14/09/2023,0.470,0.475,0.450,0.465,1277200,0.470,,,,
13/09/2023,0.470,0.480,0.450,0.470,767600,0.470,,,,
12/09/2023,0.490,0.490,0.470,0.470,659400,0.490,,,,
11/09/2023,0.485,0.505,0.480,0.490,1542900,0.485,,,,
08/09/2023,0.500,0.500,0.475,0.485,883800,0.500,,,,
07/09/2023,0.505,0.515,0.485,0.500,1259200,0.500,,,,
06/09/2023,0.520,0.520,0.485,0.500,1846100,0.520,,,,
05/09/2023,0.500,0.535,0.500,0.520,5897700,0.495,,,,
04/09/2023,0.445,0.495,0.445,0.495,5055200,0.445,,,,
01/09/2023,0.435,0.445,0.435,0.445,705300,0.425,,,,
30/08/2023,0.445,0.450,0.425,0.425,799700,0.445,,,,
29/08/2023,0.435,0.445,0.420,0.445,727500,0.440,,,,
28/08/2023,0.440,0.440,0.435,0.440,51800,0.440,,,,
25/08/2023,0.435,0.455,0.430,0.440,1554300,0.435,,,,
24/08/2023,0.435,0.435,0.425,0.435,479300,0.435,,,,
23/08/2023,0.440,0.440,0.430,0.435,621800,0.440,,,,
22/08/2023,0.440,0.445,0.430,0.440,236000,0.435,,,,
21/08/2023,0.445,0.450,0.430,0.435,696800,0.440,,,,
18/08/2023,0.445,0.450,0.435,0.440,1206500,0.440,,,,
17/08/2023,0.450,0.450,0.440,0.440,177400,0.450,,,,
16/08/2023,0.450,0.450,0.445,0.450,559600,0.450,,,,
15/08/2023,0.440,0.455,0.440,0.450,1009500,0.445,,,,
14/08/2023,0.450,0.450,0.440,0.445,566400,0.450,,,,
11/08/2023,0.450,0.450,0.440,0.450,152900,0.450,,,,
10/08/2023,0.445,0.450,0.440,0.450,199300,0.445,,,,
09/08/2023,0.450,0.450,0.440,0.445,564400,0.450,,,,
08/08/2023,0.445,0.450,0.440,0.450,209100,0.445,,,,
07/08/2023,0.445,0.445,0.435,0.445,1107900,0.445,,,,
04/08/2023,0.445,0.450,0.440,0.445,1161400,0.450,,,,
03/08/2023,0.445,0.450,0.440,0.450,907900,0.450,,,,
02/08/2023,0.450,0.450,0.440,0.450,2415200,0.450,,,,
01/08/2023,0.450,0.455,0.445,0.450,1391600,0.445,,,,
31/07/2023,0.455,0.455,0.445,0.445,702000,0.450,,,,
28/07/2023,0.450,0.455,0.445,0.450,1034400,0.450,,,,
27/07/2023,0.450,0.455,0.445,0.450,1805700,0.450,,,,
26/07/2023,0.460,0.465,0.445,0.450,1493400,0.460,,,,
25/07/2023,0.455,0.460,0.445,0.460,343500,0.455,,,,
24/07/2023,0.455,0.475,0.445,0.455,3343800,0.455,,,,
21/07/2023,0.455,0.455,0.450,0.455,572300,0.455,,,,
20/07/2023,0.455,0.455,0.450,0.455,491700,0.455,,,,
18/07/2023,0.450,0.455,0.445,0.455,1001600,0.455,,,,
17/07/2023,0.455,0.455,0.445,0.455,602200,0.455,,,,
14/07/2023,0.455,0.455,0.440,0.455,501600,0.455,,,,
13/07/2023,0.450,0.455,0.440,0.455,953300,0.455,,,,
12/07/2023,0.455,0.460,0.445,0.455,362400,0.450,,,,
11/07/2023,0.460,0.460,0.445,0.450,494400,0.460,,,,
10/07/2023,0.460,0.465,0.445,0.460,1099900,0.460,,,,
07/07/2023,0.465,0.465,0.450,0.460,453800,0.460,,,,
06/07/2023,0.470,0.470,0.455,0.460,202500,0.465,,,,
05/07/2023,0.465,0.470,0.455,0.465,844600,0.460,,,,
04/07/2023,0.465,0.465,0.445,0.460,397700,0.450,,,,
03/07/2023,0.465,0.475,0.450,0.450,773200,0.465,,,,
30/06/2023,0.465,0.470,0.450,0.465,493900,0.465,,,,
28/06/2023,0.470,0.470,0.455,0.465,362800,0.465,,,,
27/06/2023,0.465,0.470,0.440,0.465,1763800,0.460,,,,
26/06/2023,0.465,0.470,0.450,0.460,290900,0.460,,,,
23/06/2023,0.475,0.475,0.445,0.460,1661700,0.465,,,,
22/06/2023,0.470,0.480,0.455,0.465,1701000,0.470,,,,
21/06/2023,0.435,0.475,0.420,0.470,4477100,0.430,,,,
20/06/2023,0.425,0.440,0.410,0.430,1011500,0.425,,,,
19/06/2023,0.440,0.445,0.415,0.425,847700,0.440,,,,
16/06/2023,0.435,0.440,0.430,0.440,357300,0.435,,,,
15/06/2023,0.460,0.460,0.420,0.435,1622100,0.460,,,,
14/06/2023,0.470,0.470,0.445,0.460,824700,0.470,,,,
13/06/2023,0.460,0.475,0.460,0.470,913300,0.460,,,,
12/06/2023,0.495,0.500,0.455,0.460,2056100,0.495,,,,
09/06/2023,0.495,0.495,0.480,0.495,57700,0.480,,,,
08/06/2023,0.495,0.495,0.475,0.480,99900,0.490,,,,
07/06/2023,0.495,0.495,0.480,0.490,683800,0.495,,,,
06/06/2023,0.490,0.500,0.485,0.495,440100,0.490,,,,
02/06/2023,0.500,0.500,0.480,0.490,288400,0.500,,,,
01/06/2023,0.535,0.535,0.475,0.500,3468500,0.530,,,,
31/05/2023,0.520,0.535,0.520,0.530,961900,0.505,,,,
30/05/2023,0.520,0.520,0.500,0.505,271500,0.515,,,,
29/05/2023,0.500,0.520,0.500,0.515,2963900,0.500,,,,
26/05/2023,0.505,0.505,0.495,0.500,210300,0.500,,,,
25/05/2023,0.515,0.520,0.500,0.500,4864400,0.510,,,,
24/05/2023,0.520,0.520,0.505,0.510,780200,0.520,,,,
23/05/2023,0.515,0.535,0.500,0.520,1715600,0.515,,,,
22/05/2023,0.535,0.535,0.505,0.515,7019000,0.535,,,,
19/05/2023,0.545,0.550,0.525,0.535,1065100,0.550,,,,
18/05/2023,0.575,0.580,0.530,0.550,4236300,0.570,,,,
17/05/2023,0.565,0.590,0.555,0.570,8553700,0.565,,,,
16/05/2023,0.595,0.595,0.565,0.565,1053100,0.595,,,,
15/05/2023,0.605,0.610,0.570,0.595,4456600,0.610,,,,
12/05/2023,0.560,0.610,0.560,0.610,8757200,0.545,,,,
11/05/2023,0.530,0.545,0.500,0.545,2823500,0.535,,,,
10/05/2023,0.585,0.585,0.515,0.535,1875700,0.585,,,,
09/05/2023,0.590,0.600,0.540,0.585,4485800,0.585,,,,
08/05/2023,0.595,0.605,0.565,0.585,2088700,0.585,,,,
05/05/2023,0.590,0.600,0.580,0.585,1759000,0.585,,,,
03/05/2023,0.600,0.600,0.580,0.585,2723600,0.605,,,,
02/05/2023,0.600,0.605,0.560,0.605,3217000,0.600,,,,
28/04/2023,0.595,0.605,0.575,0.600,2795800,0.595,,,,
27/04/2023,0.555,0.600,0.555,0.595,7665100,0.555,,,,
26/04/2023,0.550,0.555,0.540,0.555,673000,0.545,,,,
25/04/2023,0.550,0.560,0.535,0.545,1892400,0.550,,,,
20/04/2023,0.545,0.550,0.510,0.550,4379000,0.545,,,,
19/04/2023,0.565,0.570,0.540,0.545,2271100,0.570,,,,
18/04/2023,0.565,0.570,0.560,0.570,1653300,0.565,,,,
17/04/2023,0.575,0.575,0.560,0.565,3431800,0.575,,,,
14/04/2023,0.580,0.580,0.565,0.575,1729400,0.580,,,,
13/04/2023,0.580,0.580,0.565,0.580,1304600,0.575,,,,
12/04/2023,0.575,0.580,0.565,0.575,3436300,0.570,,,,
11/04/2023,0.575,0.580,0.565,0.570,739100,0.570,,,,
10/04/2023,0.575,0.580,0.565,0.570,877300,0.575,,,,
07/04/2023,0.570,0.585,0.565,0.575,2622300,0.575,,,,
06/04/2023,0.595,0.595,0.575,0.575,868400,0.590,,,,
05/04/2023,0.595,0.615,0.580,0.590,3106800,0.590,,,,
04/04/2023,0.590,0.600,0.585,0.590,966300,0.590,,,,
03/04/2023,0.590,0.595,0.575,0.590,2683000,0.585,,,,
31/03/2023,0.585,0.590,0.575,0.585,1325200,0.575,,,,
30/03/2023,0.595,0.595,0.575,0.575,1091300,0.595,,,,
29/03/2023,0.610,0.615,0.585,0.595,5763900,0.610,,,,
28/03/2023,0.600,0.615,0.595,0.610,4196500,0.605,,,,
27/03/2023,0.590,0.610,0.585,0.605,3218000,0.575,,,,
24/03/2023,0.585,0.600,0.575,0.575,1665400,0.580,,,,
23/03/2023,0.580,0.585,0.575,0.580,4567500,0.575,,,,
22/03/2023,0.585,0.590,0.575,0.575,3261200,0.580,,,,
21/03/2023,0.575,0.585,0.575,0.580,2365700,0.570,,,,
20/03/2023,0.565,0.580,0.560,0.570,4451100,0.550,,,,
17/03/2023,0.590,0.595,0.535,0.550,4646600,0.590,,,,
16/03/2023,0.605,0.615,0.580,0.590,4509500,0.610,,,,
15/03/2023,0.595,0.610,0.595,0.610,4431300,0.600,,,,
14/03/2023,0.600,0.610,0.580,0.600,5239200,0.600,,,,
13/03/2023,0.605,0.615,0.595,0.600,7719700,0.605,,,,
10/03/2023,0.620,0.620,0.600,0.605,5560400,0.600,,,,
09/03/2023,0.660,0.670,0.600,0.600,6937000,0.650,,,,
08/03/2023,0.655,0.660,0.635,0.650,5244600,0.650,,,,
07/03/2023,0.665,0.670,0.640,0.650,4125200,0.660,,,,
06/03/2023,0.690,0.690,0.655,0.660,3765000,0.685,,,,
03/03/2023,0.685,0.705,0.675,0.685,6475500,0.660,,,,
02/03/2023,0.705,0.710,0.660,0.660,6488000,0.705,,,,
01/03/2023,0.715,0.725,0.705,0.705,6226100,0.710,,,,
28/02/2023,0.725,0.730,0.705,0.710,7339400,0.725,,,,
27/02/2023,0.715,0.740,0.710,0.725,6642000,0.745,,,,
24/02/2023,0.755,0.760,0.740,0.745,4093700,0.755,,,,
23/02/2023,0.750,0.760,0.740,0.755,9357300,0.745,,,,
22/02/2023,0.740,0.755,0.735,0.745,9290900,0.740,,,,
21/02/2023,0.740,0.740,0.730,0.740,4121400,0.740,,,,
20/02/2023,0.735,0.745,0.735,0.740,6919800,0.735,,,,
17/02/2023,0.740,0.740,0.730,0.735,7097100,0.740,,,,
16/02/2023,0.740,0.740,0.725,0.740,6516300,0.740,,,,
15/02/2023,0.735,0.740,0.735,0.740,5518900,0.735,,,,
14/02/2023,0.730,0.745,0.730,0.735,7894700,0.730,,,,
13/02/2023,0.750,0.750,0.725,0.730,8520200,0.750,,,,
10/02/2023,0.745,0.750,0.740,0.750,5655900,0.745,,,,
09/02/2023,0.745,0.750,0.740,0.745,5219400,0.745,,,,
08/02/2023,0.740,0.755,0.740,0.745,7334100,0.745,,,,
07/02/2023,0.750,0.760,0.735,0.745,7634400,0.750,,,,
03/02/2023,0.745,0.760,0.735,0.750,4732900,0.745,,,,
02/02/2023,0.760,0.765,0.740,0.745,6467700,0.760,,,,
31/01/2023,0.760,0.770,0.755,0.760,6450300,0.765,,,,
30/01/2023,0.770,0.770,0.755,0.765,4554400,0.770,,,,
27/01/2023,0.765,0.770,0.760,0.770,5303500,0.765,,,,
26/01/2023,0.765,0.770,0.755,0.765,7973700,0.765,,,,
25/01/2023,0.770,0.775,0.760,0.765,4229300,0.770,,,,
20/01/2023,0.770,0.775,0.760,0.770,6149500,0.770,,,,
19/01/2023,0.775,0.780,0.765,0.770,5869000,0.775,,,,
18/01/2023,0.775,0.780,0.765,0.775,4874900,0.775,,,,
17/01/2023,0.780,0.785,0.770,0.775,7121300,0.780,,,,
16/01/2023,0.775,0.780,0.765,0.780,7449300,0.775,,,,
13/01/2023,0.770,0.780,0.765,0.775,7941900,0.770,,,,
12/01/2023,0.770,0.780,0.765,0.770,5510700,0.770,,,,
11/01/2023,0.775,0.780,0.765,0.770,6946300,0.780,,,,
10/01/2023,0.780,0.790,0.775,0.780,7472500,0.780,,,,
09/01/2023,0.775,0.785,0.770,0.780,5042700,0.775,,,,
06/01/2023,0.770,0.785,0.770,0.775,10188400,0.760,,,,
05/01/2023,0.765,0.770,0.750,0.760,5043000,0.765,,,,
04/01/2023,0.775,0.785,0.755,0.765,8468100,0.770,,,,
03/01/2023,0.780,0.790,0.765,0.770,7418500,0.765,,,,
30/12/2022,0.790,0.795,0.765,0.765,6317800,0.790,,,,
29/12/2022,0.780,0.790,0.775,0.790,5667400,0.780,,,,
28/12/2022,0.785,0.795,0.765,0.780,15658100,0.780,,,,
27/12/2022,0.785,0.790,0.765,0.780,6076900,0.785,,,,
23/12/2022,0.790,0.795,0.780,0.785,8061300,0.795,,,,
22/12/2022,0.785,0.800,0.785,0.795,8019300,0.785,,,,
21/12/2022,0.795,0.805,0.755,0.785,9340800,0.795,,,,
20/12/2022,0.790,0.825,0.785,0.795,16275600,0.795,,,,
19/12/2022,0.790,0.795,0.785,0.795,8525200,0.790,,,,
16/12/2022,0.785,0.795,0.785,0.790,5896500,0.790,,,,
15/12/2022,0.765,0.795,0.765,0.790,5280900,0.765,,,,
14/12/2022,0.790,0.795,0.760,0.765,10778700,0.785,,,,
13/12/2022,0.790,0.795,0.780,0.785,3330300,0.790,,,,
12/12/2022,0.790,0.800,0.785,0.790,4277200,0.790,,,,
09/12/2022,0.790,0.800,0.780,0.790,7642300,0.790,,,,
08/12/2022,0.785,0.795,0.775,0.790,5539000,0.785,,,,
07/12/2022,0.795,0.800,0.770,0.785,5470500,0.795,,,,
06/12/2022,0.790,0.805,0.785,0.795,7471200,0.790,,,,
05/12/2022,0.765,0.790,0.765,0.790,5801100,0.765,,,,
02/12/2022,0.780,0.785,0.755,0.765,6331400,0.780,,,,
01/12/2022,0.755,0.780,0.750,0.780,9693500,0.755,,,,
30/11/2022,0.750,0.760,0.740,0.755,3695800,0.755,,,,
29/11/2022,0.750,0.760,0.750,0.755,4483300,0.750,,,,
25/11/2022,0.750,0.760,0.745,0.750,4950600,0.745,,,,
24/11/2022,0.735,0.750,0.730,0.745,4187400,0.740,,,,
23/11/2022,0.740,0.755,0.735,0.740,4188700,0.740,,,,
22/11/2022,0.750,0.750,0.735,0.740,3999300,0.750,,,,
21/11/2022,0.745,0.750,0.730,0.750,3710200,0.750,,,,
17/11/2022,0.735,0.750,0.730,0.750,4353700,0.735,,,,
16/11/2022,0.735,0.745,0.730,0.735,2499100,0.730,,,,
15/11/2022,0.745,0.750,0.715,0.730,3082300,0.740,,,,
14/11/2022,0.755,0.765,0.735,0.740,3315200,0.755,,,,
11/11/2022,0.730,0.760,0.725,0.755,8097400,0.725,,,,
10/11/2022,0.720,0.725,0.715,0.725,2422800,0.720,,,,
09/11/2022,0.710,0.720,0.710,0.720,1730800,0.705,,,,
08/11/2022,0.745,0.755,0.695,0.705,2750000,0.740,,,,
07/11/2022,0.750,0.760,0.735,0.740,4171600,0.745,,,,
04/11/2022,0.740,0.750,0.735,0.745,6747800,0.735,,,,
03/11/2022,0.720,0.755,0.720,0.735,16845400,0.720,,,,
02/11/2022,0.720,0.735,0.715,0.720,5683900,0.715,,,,
01/11/2022,0.695,0.725,0.695,0.715,8252300,0.695,,,,
31/10/2022,0.675,0.710,0.675,0.695,7988300,0.670,,,,
28/10/2022,0.675,0.685,0.665,0.670,3279400,0.675,,,,
27/10/2022,0.675,0.680,0.665,0.675,2055900,0.670,,,,
26/10/2022,0.675,0.680,0.665,0.670,2549700,0.670,,,,
25/10/2022,0.670,0.680,0.645,0.670,3663600,0.670,,,,
21/10/2022,0.685,0.685,0.670,0.670,1827700,0.685,,,,
20/10/2022,0.695,0.700,0.680,0.685,3473500,0.700,,,,
19/10/2022,0.700,0.700,0.690,0.700,1928100,0.690,,,,
18/10/2022,0.700,0.710,0.690,0.690,5102600,0.695,,,,
17/10/2022,0.700,0.700,0.685,0.695,2722000,0.695,,,,
14/10/2022,0.700,0.705,0.690,0.695,1772600,0.695,,,,
13/10/2022,0.685,0.700,0.685,0.695,1649000,0.685,,,,
12/10/2022,0.685,0.705,0.680,0.685,3010500,0.685,,,,
11/10/2022,0.695,0.700,0.685,0.685,990300,0.700,,,,
07/10/2022,0.705,0.705,0.690,0.700,1834700,0.705,,,,
06/10/2022,0.705,0.710,0.695,0.705,2297800,0.705,,,,
05/10/2022,0.705,0.710,0.695,0.705,2139500,0.705,,,,
04/10/2022,0.700,0.710,0.690,0.705,1343500,0.700,,,,
03/10/2022,0.710,0.710,0.695,0.700,2424500,0.710,,,,
30/09/2022,0.710,0.710,0.700,0.710,1176800,0.710,,,,
29/09/2022,0.735,0.735,0.705,0.710,2048800,0.725,,,,
28/09/2022,0.725,0.740,0.705,0.725,12301400,0.720,,,,
27/09/2022,0.725,0.735,0.715,0.720,1606400,0.710,,,,
26/09/2022,0.740,0.745,0.705,0.710,2984900,0.740,,,,
23/09/2022,0.720,0.745,0.720,0.740,12930900,0.715,,,,
22/09/2022,0.675,0.720,0.675,0.715,7874500,0.680,,,,
21/09/2022,0.675,0.680,0.670,0.680,691700,0.680,,,,
20/09/2022,0.690,0.690,0.670,0.680,656200,0.675,,,,
19/09/2022,0.690,0.695,0.670,0.675,1279600,0.695,,,,
15/09/2022,0.695,0.700,0.685,0.695,1109700,0.690,,,,
14/09/2022,0.670,0.700,0.660,0.690,3861200,0.680,,,,
13/09/2022,0.695,0.695,0.680,0.680,1904300,0.695,,,,
12/09/2022,0.705,0.705,0.685,0.695,1837600,0.700,,,,
09/09/2022,0.680,0.710,0.680,0.700,7136100,0.680,,,,
08/09/2022,0.680,0.690,0.675,0.680,2171500,0.680,,,,
07/09/2022,0.685,0.690,0.675,0.680,2347100,0.685,,,,
06/09/2022,0.700,0.715,0.675,0.685,3907800,0.700,,,,
05/09/2022,0.700,0.710,0.680,0.700,1905700,0.695,,,,
02/09/2022,0.755,0.765,0.685,0.695,7736300,0.750,,,,
01/09/2022,0.745,0.795,0.735,0.750,17851600,0.735,,,,
30/08/2022,0.685,0.735,0.675,0.735,13210800,0.685,,,,
29/08/2022,0.675,0.685,0.670,0.685,2829900,0.680,,,,
26/08/2022,0.685,0.690,0.680,0.680,1218600,0.690,,,,
25/08/2022,0.685,0.690,0.675,0.690,1858500,0.685,,,,
24/08/2022,0.685,0.700,0.670,0.685,5516200,0.685,,,,
23/08/2022,0.695,0.700,0.685,0.685,1455400,0.700,,,,
22/08/2022,0.700,0.700,0.695,0.700,1117200,0.705,,,,
19/08/2022,0.695,0.715,0.690,0.705,5011900,0.695,,,,
18/08/2022,0.695,0.700,0.690,0.695,1661300,0.695,,,,
17/08/2022,0.705,0.715,0.695,0.695,3865000,0.705,,,,
16/08/2022,0.700,0.710,0.695,0.705,2268100,0.705,,,,
15/08/2022,0.710,0.715,0.695,0.705,3759000,0.710,,,,
12/08/2022,0.725,0.730,0.705,0.710,2174500,0.725,,,,
11/08/2022,0.705,0.730,0.705,0.725,4251600,0.705,,,,
10/08/2022,0.730,0.730,0.695,0.705,4842400,0.720,,,,
09/08/2022,0.730,0.740,0.710,0.720,2416300,0.725,,,,
08/08/2022,0.745,0.755,0.710,0.725,5769800,0.740,,,,
05/08/2022,0.755,0.775,0.730,0.740,9156400,0.755,,,,
04/08/2022,0.785,0.795,0.755,0.755,7369800,0.785,,,,
03/08/2022,0.705,0.835,0.665,0.785,22525699,0.710,,,,
02/08/2022,1.020,1.020,0.710,0.710,15446100,1.010,,,,
01/08/2022,1.040,1.050,0.995,1.010,9489700,1.040,,,,
29/07/2022,1.050,1.060,1.030,1.040,4760800,1.050,,,,
28/07/2022,1.060,1.080,1.040,1.050,13588200,1.060,,,,
27/07/2022,1.070,1.080,1.050,1.060,7965700,1.070,,,,
26/07/2022,1.040,1.080,1.040,1.070,8788300,1.050,,,,
25/07/2022,1.030,1.060,1.000,1.050,13301600,1.020,,,,
22/07/2022,1.030,1.040,0.995,1.020,8933900,1.010,,,,
21/07/2022,1.070,1.100,1.010,1.010,8711200,1.030,,,,
20/07/2022,1.150,1.170,0.985,1.030,35825898,1.150,,,,
19/07/2022,1.090,1.170,1.090,1.150,19181100,1.080,,,,
18/07/2022,1.090,1.100,1.030,1.080,16873000,1.070,,,,
15/07/2022,1.040,1.090,1.040,1.070,9891300,1.040,,,,
14/07/2022,1.000,1.050,0.995,1.040,21874100,0.990,,,,
13/07/2022,0.960,0.990,0.955,0.990,16849500,0.950,,,,
12/07/2022,0.960,0.970,0.945,0.950,17695801,0.950,,,,
08/07/2022,0.895,0.960,0.895,0.950,23631000,0.895,,,,
07/07/2022,0.890,0.900,0.885,0.895,6780000,0.890,,,,
06/07/2022,0.900,0.910,0.880,0.890,8113700,0.900,,,,
05/07/2022,0.895,0.905,0.875,0.900,10345500,0.895,,,,
04/07/2022,0.885,0.900,0.865,0.895,13150300,0.880,,,,
01/07/2022,0.855,0.895,0.825,0.880,23451100,0.865,,,,
30/06/2022,0.815,0.875,0.805,0.865,16437900,0.815,,,,
29/06/2022,0.815,0.825,0.800,0.815,3805100,0.810,,,,
28/06/2022,0.850,0.855,0.800,0.810,16729301,0.840,,,,
27/06/2022,0.780,0.840,0.730,0.840,23780100,0.780,,,,
24/06/2022,0.780,0.800,0.775,0.780,11645000,0.775,,,,
23/06/2022,0.750,0.780,0.750,0.775,12151400,0.745,,,,
22/06/2022,0.730,0.745,0.695,0.745,15249500,0.720,,,,
21/06/2022,0.660,0.725,0.660,0.720,10190400,0.660,,,,
20/06/2022,0.680,0.690,0.655,0.660,3705800,0.680,,,,
17/06/2022,0.720,0.720,0.675,0.680,4022700,0.715,,,,
16/06/2022,0.720,0.730,0.705,0.715,5170800,0.710,,,,
15/06/2022,0.710,0.735,0.700,0.710,17910900,0.700,,,,
14/06/2022,0.645,0.700,0.635,0.700,6901400,0.640,,,,
13/06/2022,0.635,0.655,0.625,0.640,4796100,0.635,,,,
10/06/2022,0.640,0.650,0.620,0.635,2291400,0.640,,,,
09/06/2022,0.660,0.660,0.640,0.640,1002900,0.660,,,,
08/06/2022,0.660,0.665,0.630,0.660,4194800,0.660,,,,
07/06/2022,0.700,0.700,0.660,0.660,2196500,0.705,,,,
03/06/2022,0.710,0.725,0.700,0.705,3351000,0.715,,,,
02/06/2022,0.690,0.715,0.685,0.715,12240900,0.685,,,,
01/06/2022,0.680,0.690,0.680,0.685,3019200,0.680,,,,
31/05/2022,0.675,0.685,0.670,0.680,2938000,0.670,,,,
30/05/2022,0.680,0.685,0.655,0.670,2782200,0.680,,,,
27/05/2022,0.700,0.705,0.670,0.680,3080300,0.700,,,,
26/05/2022,0.700,0.710,0.695,0.700,3853200,0.700,,,,
25/05/2022,0.700,0.705,0.695,0.700,1890700,0.705,,,,
24/05/2022,0.715,0.720,0.690,0.705,3657500,0.705,,,,
23/05/2022,0.705,0.715,0.700,0.705,3775400,0.705,,,,
20/05/2022,0.705,0.710,0.700,0.705,1379700,0.705,,,,
19/05/2022,0.705,0.705,0.695,0.705,2558300,0.705,,,,
18/05/2022,0.710,0.715,0.700,0.705,4099200,0.705,,,,
17/05/2022,0.715,0.725,0.700,0.705,2636000,0.715,,,,
13/05/2022,0.720,0.730,0.700,0.715,3087800,0.715,,,,
12/05/2022,0.700,0.720,0.700,0.715,5362200,0.700,,,,
11/05/2022,0.710,0.710,0.695,0.700,3119400,0.710,,,,
10/05/2022,0.730,0.735,0.700,0.710,4555900,0.740,,,,
09/05/2022,0.790,0.795,0.725,0.740,5617300,0.790,,,,
06/05/2022,0.785,0.790,0.765,0.790,3356100,0.790,,,,
05/05/2022,0.790,0.810,0.775,0.790,3959700,0.780,,,,
29/04/2022,0.810,0.815,0.775,0.780,6345800,0.805,,,,
28/04/2022,0.790,0.810,0.785,0.805,7277200,0.785,,,,
27/04/2022,0.770,0.800,0.765,0.785,11755100,0.775,,,,
26/04/2022,0.780,0.800,0.765,0.775,5931900,0.775,,,,
25/04/2022,0.790,0.790,0.760,0.775,5903200,0.795,,,,
22/04/2022,0.750,0.815,0.750,0.795,17125000,0.755,,,,
21/04/2022,0.750,0.760,0.725,0.755,5639600,0.745,,,,
20/04/2022,0.755,0.760,0.735,0.745,4792400,0.755,,,,
18/04/2022,0.775,0.775,0.735,0.755,6036400,0.770,,,,
15/04/2022,0.785,0.785,0.750,0.770,5539200,0.785,,,,
14/04/2022,0.800,0.805,0.760,0.785,4573400,0.800,,,,
13/04/2022,0.815,0.830,0.790,0.800,7225500,0.810,,,,
12/04/2022,0.795,0.845,0.775,0.810,12961100,0.800,,,,
11/04/2022,0.885,0.890,0.790,0.800,9945100,0.885,,,,
08/04/2022,0.950,0.960,0.880,0.885,10883800,0.950,,,,
07/04/2022,0.995,1.020,0.945,0.950,13101100,0.985,,,,
06/04/2022,0.950,1.050,0.950,0.985,43999301,0.945,,,,
05/04/2022,0.930,0.980,0.900,0.945,17922301,0.935,,,,
04/04/2022,0.850,1.010,0.845,0.935,62588602,0.845,,,,
01/04/2022,0.830,0.860,0.820,0.845,18146000,0.825,,,,
31/03/2022,0.785,0.825,0.770,0.825,6950800,0.785,,,,
30/03/2022,0.790,0.795,0.770,0.785,2204200,0.790,,,,
29/03/2022,0.785,0.795,0.780,0.790,1642900,0.780,,,,
28/03/2022,0.795,0.805,0.765,0.780,3513500,0.795,,,,
25/03/2022,0.805,0.805,0.790,0.795,1649700,0.790,,,,
24/03/2022,0.805,0.805,0.790,0.790,1864700,0.805,,,,
23/03/2022,0.810,0.835,0.790,0.805,9646600,0.805,,,,
22/03/2022,0.805,0.815,0.795,0.805,3554000,0.805,,,,
21/03/2022,0.800,0.810,0.790,0.805,3394400,0.800,,,,
18/03/2022,0.815,0.820,0.790,0.800,2296900,0.810,,,,
17/03/2022,0.815,0.825,0.790,0.810,5933500,0.800,,,,
16/03/2022,0.800,0.825,0.770,0.800,6700100,0.795,,,,
15/03/2022,0.795,0.820,0.780,0.795,4369000,0.800,,,,
14/03/2022,0.835,0.845,0.780,0.800,4411700,0.830,,,,
11/03/2022,0.840,0.890,0.820,0.830,15066900,0.830,,,,
10/03/2022,0.750,0.875,0.750,0.830,19168900,0.740,,,,
09/03/2022,0.695,0.760,0.690,0.740,5831900,0.695,,,,
08/03/2022,0.790,0.790,0.680,0.695,2869700,0.790,,,,
07/03/2022,0.825,0.840,0.770,0.790,1164000,0.840,,,,
04/03/2022,0.830,0.900,0.775,0.840,7034500,0.835,,,,
03/03/2022,0.920,0.930,0.830,0.835,1944900,0.910,,,,
02/03/2022,0.965,0.965,0.875,0.910,6187000,0.965,,,,
01/03/2022,1.010,1.010,0.960,0.965,4814500,1.010,,,,
28/02/2022,1.010,1.030,0.995,1.010,3067300,1.040,,,,
25/02/2022,1.070,1.070,1.010,1.040,2357000,1.070,,,,
24/02/2022,1.130,1.160,1.040,1.070,6987500,1.150,,,,
23/02/2022,1.190,1.200,1.150,1.150,3271600,1.190,,,,
22/02/2022,1.180,1.220,1.170,1.190,3348700,1.180,,,,
21/02/2022,1.240,1.260,1.170,1.180,6118600,1.240,,,,
18/02/2022,1.220,1.260,1.170,1.240,8032300,1.220,,,,
17/02/2022,1.240,1.250,1.200,1.220,2381200,1.220,,,,
16/02/2022,1.350,1.370,1.200,1.220,16148800,1.340,,,,
15/02/2022,1.190,1.360,1.190,1.340,18835801,1.180,,,,
14/02/2022,1.120,1.200,1.120,1.180,9563600,1.120,,,,
11/02/2022,1.110,1.140,1.100,1.120,2429800,1.110,,,,
10/02/2022,1.100,1.140,1.090,1.110,5495200,1.090,,,,
09/02/2022,1.100,1.140,1.080,1.090,4270800,1.080,,,,
08/02/2022,1.110,1.110,1.060,1.080,4499000,1.110,,,,
07/02/2022,1.130,1.140,1.100,1.110,2417900,1.120,,,,
04/02/2022,1.130,1.140,1.090,1.120,5340100,1.130,,,,
03/02/2022,1.180,1.190,1.120,1.130,4196900,1.180,,,,
31/01/2022,0.990,1.190,0.985,1.180,11340200,0.980,,,,
28/01/2022,0.985,0.990,0.975,0.980,2837000,0.980,,,,
27/01/2022,1.010,1.030,0.975,0.980,3721200,1.010,,,,
26/01/2022,0.990,1.030,0.985,1.010,4036600,0.980,,,,
25/01/2022,0.985,1.000,0.975,0.980,2146200,0.985,,,,
24/01/2022,0.995,0.995,0.980,0.985,2125500,0.995,,,,
21/01/2022,0.995,1.020,0.960,0.995,3450900,1.010,,,,
20/01/2022,1.010,1.040,0.995,1.010,1963000,1.000,,,,
19/01/2022,1.080,1.090,0.990,1.000,4670800,1.100,,,,
17/01/2022,1.110,1.130,1.060,1.100,2566800,1.100,,,,
14/01/2022,1.150,1.150,1.080,1.100,5060400,1.140,,,,
13/01/2022,1.070,1.190,1.070,1.140,13507800,1.060,,,,
12/01/2022,1.070,1.080,1.040,1.060,1762300,1.060,,,,
11/01/2022,1.040,1.100,1.040,1.060,10255600,1.040,,,,
10/01/2022,1.010,1.040,0.995,1.040,3847500,1.010,,,,
07/01/2022,1.020,1.030,0.995,1.010,2627000,1.010,,,,
06/01/2022,1.000,1.060,0.985,1.010,13710200,0.990,,,,
05/01/2022,0.985,1.040,0.980,0.990,5778600,0.985,,,,
04/01/2022,1.010,1.020,0.975,0.985,5278200,1.020,,,,
03/01/2022,1.180,1.190,0.940,1.020,19110400,1.160,,,,
31/12/2021,1.180,1.200,1.130,1.160,5724800,1.180,,,,
30/12/2021,1.190,1.210,1.150,1.180,5754800,1.180,,,,
29/12/2021,1.180,1.240,1.150,1.180,14844500,1.170,,,,
28/12/2021,1.180,1.190,1.110,1.170,11920600,1.150,,,,
27/12/2021,1.070,1.190,1.070,1.150,21847000,1.060,,,,
24/12/2021,1.050,1.080,1.030,1.060,8057500,1.050,,,,
23/12/2021,1.030,1.080,1.020,1.050,7608100,1.020,,,,
22/12/2021,1.020,1.060,1.000,1.020,16277300,1.000,,,,
21/12/2021,0.920,1.030,0.910,1.000,56138898,0.930,,,,
20/12/2021,0.800,0.940,0.800,0.930,49612000,0.810,,,,
17/12/2021,0.770,0.815,0.760,0.810,19112000,0.790,,,,
16/12/2021,0.800,0.805,0.740,0.790,29293600,0.775,,,,
15/12/2021,0.740,0.780,0.720,0.775,27885400,0.740,,,,
14/12/2021,0.745,0.770,0.720,0.740,13772400,0.740,,,,
13/12/2021,0.795,0.855,0.710,0.740,34419801,0.785,,,,
10/12/2021,0.750,0.815,0.610,0.785,158463500,0.820,,,,
09/12/2021,0.820,0.820,0.820,0.820,1872000,1.170,,,,
08/12/2021,1.170,1.170,1.170,1.170,206600,1.170,,,,
07/12/2021,1.670,1.670,1.170,1.170,7086100,1.670,,,,
06/12/2021,2.380,2.400,1.670,1.670,17339600,2.380,,,,
02/12/2021,2.290,2.390,2.260,2.380,15930400,2.300,,,,
01/12/2021,2.570,2.640,2.000,2.300,16504100,2.570,,,,
30/11/2021,2.550,2.690,2.530,2.570,13561900,2.550,,,,
29/11/2021,2.480,2.570,2.460,2.550,15566700,2.480,,,,
26/11/2021,2.450,2.510,2.440,2.480,11673900,2.440,,,,
25/11/2021,2.380,2.450,2.380,2.440,12800100,2.380,,,,
24/11/2021,2.370,2.410,2.360,2.380,14039300,2.370,,,,
23/11/2021,2.300,2.370,2.300,2.370,13232100,2.300,,,,
22/11/2021,2.180,2.310,2.160,2.300,14749100,2.180,,,,
19/11/2021,2.000,2.180,2.000,2.180,13557100,2.000,,,,
18/11/2021,1.950,2.020,1.900,2.000,10831400,1.950,,,,
17/11/2021,2.040,2.050,1.840,1.950,13755400,2.040,,,,
16/11/2021,2.030,2.080,2.010,2.040,11884600,2.030,,,,
15/11/2021,2.000,2.070,2.000,2.030,15519900,2.020,,,,
12/11/2021,1.970,2.040,1.900,2.020,13278100,1.970,,,,
11/11/2021,1.900,1.990,1.850,1.970,17350500,1.880,,,,
10/11/2021,1.540,1.880,1.520,1.880,30502301,1.520,,,,
09/11/2021,1.590,1.700,1.480,1.520,12917800,1.640,,,,
08/11/2021,1.900,1.900,1.440,1.640,18298801,2.000,,,,
05/11/2021,2.270,2.270,1.840,2.000,13991900,2.280,,,,
03/11/2021,2.270,2.320,2.130,2.280,8304200,2.310,,,,
02/11/2021,2.630,2.630,2.300,2.310,10900200,2.640,,,,
01/11/2021,2.710,2.710,2.410,2.640,16727301,2.720,,,,
29/10/2021,2.680,2.720,2.670,2.720,6513600,2.680,,,,
28/10/2021,2.660,2.710,2.650,2.680,7708000,2.680,,,,
27/10/2021,2.660,2.680,2.650,2.680,6138200,2.680,,,,
26/10/2021,2.640,2.680,2.630,2.680,8227400,2.650,,,,
25/10/2021,2.610,2.660,2.600,2.650,10516200,2.610,,,,
22/10/2021,2.600,2.640,2.600,2.610,5855600,2.610,,,,
21/10/2021,2.630,2.650,2.610,2.610,6367000,2.630,,,,
20/10/2021,2.560,2.630,2.540,2.630,10904500,2.570,,,,
18/10/2021,2.520,2.580,2.510,2.570,8546800,2.530,,,,
15/10/2021,2.540,2.560,2.500,2.530,8662100,2.530,,,,
14/10/2021,2.460,2.550,2.410,2.530,12358900,2.480,,,,
13/10/2021,2.360,2.490,2.320,2.480,8659700,2.360,,,,
12/10/2021,2.330,2.360,2.310,2.360,5761300,2.340,,,,
11/10/2021,2.340,2.360,2.290,2.340,9404900,2.350,,,,
08/10/2021,2.350,2.390,2.340,2.350,5866400,2.350,,,,
07/10/2021,2.300,2.360,2.290,2.350,6850000,2.300,,,,
06/10/2021,2.300,2.300,2.170,2.300,11779900,2.300,,,,
05/10/2021,2.260,2.300,2.210,2.300,9539700,2.270,,,,
04/10/2021,2.300,2.330,2.230,2.270,9694000,2.300,,,,
01/10/2021,2.250,2.320,2.240,2.300,7349800,2.260,,,,
30/09/2021,2.310,2.310,2.220,2.260,10523100,2.320,,,,
29/09/2021,2.390,2.390,2.310,2.320,7737900,2.400,,,,
28/09/2021,2.440,2.440,2.390,2.400,6518400,2.430,,,,
27/09/2021,2.450,2.470,2.430,2.430,2898800,2.460,,,,
24/09/2021,2.470,2.470,2.400,2.460,7153200,2.480,,,,
23/09/2021,2.540,2.550,2.430,2.480,10286200,2.550,,,,
22/09/2021,2.560,2.600,2.550,2.550,5164600,2.560,,,,
21/09/2021,2.500,2.590,2.500,2.560,11272200,2.500,,,,
20/09/2021,2.560,2.560,2.460,2.500,10047300,2.550,,,,
17/09/2021,2.520,2.560,2.510,2.550,5979800,2.510,,,,
15/09/2021,2.450,2.520,2.450,2.510,8821300,2.460,,,,
14/09/2021,2.430,2.460,2.380,2.460,13695400,2.420,,,,
13/09/2021,2.360,2.430,2.350,2.420,7181700,2.360,,,,
10/09/2021,2.300,2.360,2.260,2.360,6825400,2.300,,,,
09/09/2021,2.260,2.310,2.250,2.300,9810600,2.260,,,,
08/09/2021,2.280,2.290,2.230,2.260,4555500,2.280,,,,
07/09/2021,2.250,2.290,2.250,2.280,2440600,2.260,,,,
06/09/2021,2.320,2.330,2.220,2.260,10761000,2.330,,,,
03/09/2021,2.440,2.480,2.330,2.330,9832100,2.440,,,,
02/09/2021,2.360,2.440,2.250,2.440,14363100,2.360,,,,
01/09/2021,2.330,2.360,2.330,2.360,6001900,2.330,,,,
30/08/2021,2.290,2.330,2.270,2.330,6712500,2.280,,,,
27/08/2021,2.220,2.280,2.220,2.280,6710200,2.220,,,,
26/08/2021,2.210,2.230,2.210,2.220,4001900,2.210,,,,
25/08/2021,2.190,2.210,2.180,2.210,4115100,2.200,,,,
24/08/2021,2.180,2.200,2.160,2.200,5555700,2.180,,,,
23/08/2021,2.160,2.190,2.140,2.180,4199900,2.160,,,,
20/08/2021,2.150,2.180,2.140,2.160,4225300,2.160,,,,
19/08/2021,2.160,2.180,2.120,2.160,7241400,2.160,,,,
18/08/2021,2.150,2.190,2.150,2.160,6467200,2.150,,,,
17/08/2021,2.130,2.160,2.130,2.150,6997700,2.120,,,,
16/08/2021,2.100,2.150,2.100,2.120,6103900,2.150,,,,
13/08/2021,2.120,2.160,2.120,2.150,7595300,2.120,,,,
12/08/2021,2.080,2.120,2.060,2.120,7294500,2.100,,,,
11/08/2021,2.070,2.130,2.030,2.100,9243900,2.070,,,,
09/08/2021,2.070,2.070,2.040,2.070,6835300,2.060,,,,
06/08/2021,2.070,2.080,2.010,2.060,7698600,2.080,,,,
05/08/2021,2.080,2.110,2.040,2.080,5917700,2.080,,,,
04/08/2021,2.000,2.120,1.990,2.080,14900100,1.980,,,,
03/08/2021,1.950,1.980,1.930,1.980,8373000,1.950,,,,
02/08/2021,1.900,1.950,1.900,1.950,7226500,1.890,,,,
30/07/2021,1.850,1.900,1.840,1.890,8051500,1.850,,,,
29/07/2021,1.820,1.860,1.770,1.850,7689000,1.830,,,,
28/07/2021,1.880,1.880,1.820,1.830,9884700,1.880,,,,
27/07/2021,1.920,1.940,1.880,1.880,6597800,1.930,,,,
26/07/2021,1.870,1.930,1.870,1.930,7461200,1.860,,,,
23/07/2021,1.840,1.870,1.800,1.860,9351400,1.840,,,,
22/07/2021,1.790,1.840,1.790,1.840,6908700,1.780,,,,
21/07/2021,1.730,1.800,1.720,1.780,10403100,1.730,,,,
19/07/2021,1.690,1.730,1.640,1.730,9879600,1.680,,,,
16/07/2021,1.640,1.690,1.630,1.680,11152900,1.630,,,,
15/07/2021,1.560,1.630,1.560,1.630,9610400,1.560,,,,
14/07/2021,1.540,1.560,1.520,1.560,9313600,1.540,,,,
13/07/2021,1.520,1.540,1.510,1.540,5321100,1.520,,,,
12/07/2021,1.520,1.540,1.500,1.520,6131800,1.520,,,,
09/07/2021,1.480,1.520,1.470,1.520,5823800,1.490,,,,
08/07/2021,1.500,1.510,1.460,1.490,4729200,1.520,,,,
07/07/2021,1.530,1.540,1.490,1.520,4339400,1.540,,,,
06/07/2021,1.550,1.550,1.510,1.540,6012000,1.550,,,,
05/07/2021,1.530,1.550,1.500,1.550,6530300,1.530,,,,
02/07/2021,1.450,1.530,1.450,1.530,5896900,1.460,,,,
01/07/2021,1.480,1.480,1.390,1.460,8330300,1.490,,,,
30/06/2021,1.530,1.530,1.490,1.490,7261000,1.540,,,,
29/06/2021,1.550,1.570,1.520,1.540,6717300,1.550,,,,
28/06/2021,1.550,1.550,1.510,1.550,3336600,1.550,,,,
25/06/2021,1.550,1.560,1.520,1.550,8355600,1.560,,,,
24/06/2021,1.520,1.560,1.520,1.560,6074400,1.530,,,,
23/06/2021,1.470,1.540,1.470,1.530,3958200,1.510,,,,
22/06/2021,1.520,1.520,1.460,1.510,7787900,1.520,,,,
21/06/2021,1.530,1.530,1.510,1.520,5098100,1.540,,,,
18/06/2021,1.530,1.540,1.510,1.540,5138600,1.530,,,,
17/06/2021,1.500,1.540,1.490,1.530,5557400,1.510,,,,
16/06/2021,1.490,1.510,1.480,1.510,5010300,1.500,,,,
15/06/2021,1.490,1.510,1.480,1.500,6730200,1.500,,,,
14/06/2021,1.500,1.500,1.460,1.500,3413700,1.500,,,,
11/06/2021,1.490,1.500,1.460,1.500,5503800,1.490,,,,
10/06/2021,1.490,1.490,1.460,1.490,5544700,1.490,,,,
09/06/2021,1.460,1.490,1.450,1.490,5749400,1.460,,,,
08/06/2021,1.400,1.460,1.390,1.460,13400100,1.400,,,,
04/06/2021,1.350,1.400,1.340,1.400,13234500,1.360,,,,
03/06/2021,1.340,1.360,1.330,1.360,4578300,1.350,,,,
02/06/2021,1.320,1.350,1.320,1.350,4737600,1.320,,,,
01/06/2021,1.280,1.320,1.280,1.320,3661800,1.300,,,,
31/05/2021,1.320,1.320,1.280,1.300,5464500,1.360,,,,
28/05/2021,1.350,1.360,1.320,1.360,5654900,1.350,,,,
27/05/2021,1.300,1.350,1.300,1.350,5913400,1.300,,,,
25/05/2021,1.300,1.320,1.270,1.300,5726700,1.290,,,,
24/05/2021,1.340,1.340,1.240,1.290,6456100,1.340,,,,
21/05/2021,1.300,1.340,1.260,1.340,8642000,1.300,,,,
20/05/2021,1.230,1.300,1.220,1.300,6635000,1.220,,,,
19/05/2021,1.160,1.230,1.150,1.220,8142400,1.160,,,,
18/05/2021,1.130,1.190,1.120,1.160,3750100,1.130,,,,
17/05/2021,1.130,1.150,1.110,1.130,4127600,1.130,,,,
12/05/2021,1.110,1.160,1.110,1.130,4322300,1.110,,,,
11/05/2021,1.090,1.110,1.040,1.110,7432200,1.090,,,,
10/05/2021,1.110,1.120,1.080,1.090,2832300,1.100,,,,
07/05/2021,1.100,1.120,1.080,1.100,4343900,1.110,,,,
06/05/2021,1.170,1.180,1.110,1.110,4804200,1.180,,,,
05/05/2021,1.240,1.240,1.180,1.180,5414900,1.240,,,,
04/05/2021,1.280,1.280,1.240,1.240,3329000,1.270,,,,
03/05/2021,1.310,1.310,1.270,1.270,4213100,1.320,,,,
30/04/2021,1.350,1.350,1.300,1.320,3823300,1.350,,,,
28/04/2021,1.360,1.370,1.340,1.350,4333600,1.360,,,,
27/04/2021,1.340,1.370,1.320,1.360,6687000,1.330,,,,
26/04/2021,1.310,1.330,1.290,1.330,4077900,1.310,,,,
23/04/2021,1.350,1.350,1.290,1.310,6286900,1.350,,,,
22/04/2021,1.300,1.350,1.300,1.350,7074300,1.300,,,,
21/04/2021,1.290,1.300,1.270,1.300,5175300,1.280,,,,
20/04/2021,1.240,1.290,1.230,1.280,6290900,1.240,,,,
19/04/2021,1.260,1.260,1.220,1.240,2889400,1.260,,,,
16/04/2021,1.240,1.260,1.220,1.260,4461700,1.240,,,,
15/04/2021,1.270,1.280,1.230,1.240,4049100,1.270,,,,
14/04/2021,1.250,1.290,1.250,1.270,4452600,1.240,,,,
13/04/2021,1.190,1.260,1.170,1.240,5834600,1.200,,,,
12/04/2021,1.300,1.310,1.180,1.200,8315000,1.310,,,,
09/04/2021,1.240,1.330,1.240,1.310,13985600,1.240,,,,
08/04/2021,1.190,1.240,1.160,1.240,7836900,1.200,,,,
07/04/2021,1.140,1.200,1.090,1.200,11769600,1.130,,,,
06/04/2021,0.990,1.130,0.985,1.130,10023300,0.990,,,,
05/04/2021,1.010,1.010,0.965,0.990,5861700,1.010,,,,
02/04/2021,1.010,1.030,0.995,1.010,6173300,1.010,,,,
01/04/2021,0.995,1.030,0.995,1.010,6429200,0.990,,,,
31/03/2021,1.040,1.040,0.985,0.990,3315000,1.050,,,,
30/03/2021,0.985,1.050,0.980,1.050,6857100,0.990,,,,
29/03/2021,1.010,1.010,0.980,0.990,3261100,1.010,,,,
26/03/2021,0.950,1.010,0.940,1.010,8095300,0.945,,,,
25/03/2021,0.880,0.960,0.880,0.945,5653200,0.880,,,,
24/03/2021,0.875,0.885,0.860,0.880,2264400,0.875,,,,
23/03/2021,0.860,0.880,0.840,0.875,2425200,0.860,,,,
22/03/2021,0.920,0.920,0.860,0.860,3103500,0.905,,,,
19/03/2021,0.815,0.915,0.815,0.905,9410400,0.815,,,,
18/03/2021,0.820,0.835,0.800,0.815,6130700,0.825,,,,
17/03/2021,0.875,0.885,0.825,0.825,6947800,0.880,,,,
16/03/2021,0.975,0.985,0.875,0.880,6865300,0.970,,,,
15/03/2021,1.020,1.020,0.970,0.970,3727300,1.010,,,,
12/03/2021,1.000,1.060,0.995,1.010,5309500,1.000,,,,
11/03/2021,1.030,1.050,0.995,1.000,5975700,1.030,,,,
10/03/2021,1.020,1.030,1.000,1.030,5040300,1.020,,,,
09/03/2021,1.070,1.070,1.010,1.020,4015500,1.080,,,,
08/03/2021,1.130,1.150,1.050,1.080,5858700,1.150,,,,
05/03/2021,1.150,1.190,1.150,1.150,5836900,1.150,,,,
04/03/2021,1.150,1.160,1.130,1.150,4876700,1.150,,,,
03/03/2021,1.200,1.200,1.150,1.150,5950000,1.210,,,,
02/03/2021,1.230,1.240,1.190,1.210,5688400,1.250,,,,
01/03/2021,1.230,1.260,1.220,1.250,5361900,1.240,,,,
26/02/2021,1.250,1.250,1.220,1.240,3779800,1.270,,,,
25/02/2021,1.270,1.290,1.220,1.270,7541400,1.270,,,,
24/02/2021,1.190,1.270,1.190,1.270,10839000,1.190,,,,
23/02/2021,1.190,1.190,1.130,1.190,5780300,1.190,,,,
22/02/2021,1.240,1.250,1.190,1.190,3271700,1.250,,,,
19/02/2021,1.200,1.250,1.180,1.250,3874200,1.230,,,,
18/02/2021,1.240,1.240,1.180,1.230,8106500,1.240,,,,
17/02/2021,1.250,1.250,1.220,1.240,2875400,1.250,,,,
16/02/2021,1.220,1.250,1.200,1.250,4594800,1.220,,,,
15/02/2021,1.180,1.240,1.180,1.220,7339300,1.180,,,,
11/02/2021,1.120,1.180,1.100,1.180,3338000,1.130,,,,
10/02/2021,1.120,1.150,1.090,1.130,4230700,1.120,,,,
09/02/2021,1.150,1.150,1.120,1.120,3172000,1.140,,,,
08/02/2021,1.100,1.150,1.090,1.140,5278400,1.100,,,,
05/02/2021,1.130,1.130,1.100,1.100,2934200,1.130,,,,
04/02/2021,1.100,1.150,1.090,1.130,4590000,1.110,,,,
03/02/2021,1.140,1.140,1.110,1.110,3992500,1.140,,,,
02/02/2021,1.180,1.180,1.120,1.140,5322800,1.180,,,,
29/01/2021,1.130,1.210,1.120,1.180,16866699,1.120,,,,
27/01/2021,1.120,1.120,1.070,1.120,4609500,1.120,,,,
26/01/2021,1.120,1.130,1.070,1.120,4501300,1.110,,,,
25/01/2021,1.050,1.110,1.030,1.110,9460500,1.060,,,,
22/01/2021,1.050,1.060,1.020,1.060,3357000,1.050,,,,
21/01/2021,1.070,1.070,1.040,1.050,3508900,1.070,,,,
20/01/2021,1.090,1.090,1.050,1.070,4032300,1.080,,,,
19/01/2021,1.000,1.100,0.975,1.080,8010200,1.000,,,,
18/01/2021,1.030,1.050,1.000,1.000,3877800,1.020,,,,
15/01/2021,1.040,1.050,1.010,1.020,5578300,1.020,,,,
14/01/2021,1.040,1.050,1.010,1.020,4132600,1.040,,,,
13/01/2021,1.070,1.070,1.020,1.040,5236900,1.070,,,,
12/01/2021,1.140,1.150,1.040,1.070,7177400,1.140,,,,
11/01/2021,1.110,1.150,1.100,1.140,7800100,1.110,,,,
08/01/2021,1.040,1.110,1.010,1.110,6342200,1.040,,,,
07/01/2021,1.070,1.070,1.010,1.040,7981800,1.070,,,,
06/01/2021,1.090,1.110,1.060,1.070,10569400,1.090,,,,
05/01/2021,1.070,1.090,1.050,1.090,5351800,1.060,,,,
04/01/2021,1.020,1.060,0.985,1.060,5216800,1.020,,,,
31/12/2020,0.965,1.050,0.965,1.020,17743199,0.965,,,,
30/12/2020,0.955,0.975,0.940,0.965,8599700,0.955,,,,
29/12/2020,0.945,0.955,0.940,0.955,7622300,0.945,,,,
28/12/2020,0.920,0.945,0.910,0.945,7333100,0.920,,,,
24/12/2020,0.900,0.920,0.890,0.920,7335500,0.900,,,,
23/12/2020,0.915,0.920,0.880,0.900,6914600,0.915,,,,
22/12/2020,0.895,0.915,0.885,0.915,5795400,0.895,,,,
21/12/2020,0.860,0.895,0.850,0.895,7742900,0.860,,,,
18/12/2020,0.850,0.860,0.830,0.860,5771600,0.850,,,,
17/12/2020,0.850,0.870,0.845,0.850,11607800,0.850,,,,
16/12/2020,0.825,0.855,0.815,0.850,10549400,0.830,,,,
15/12/2020,0.820,0.830,0.790,0.830,8939900,0.815,,,,
14/12/2020,0.795,0.840,0.780,0.815,12283600,0.800,,,,
11/12/2020,0.740,0.815,0.715,0.800,19160600,0.740,,,,
10/12/2020,0.715,0.740,0.690,0.740,8386600,0.715,,,,
09/12/2020,0.700,0.725,0.695,0.715,6411300,0.700,,,,
08/12/2020,0.750,0.750,0.685,0.700,8766100,0.750,,,,
07/12/2020,0.705,0.750,0.700,0.750,20948400,0.705,,,,
04/12/2020,0.685,0.705,0.665,0.705,9981900,0.680,,,,
03/12/2020,0.625,0.680,0.615,0.680,12159800,0.625,,,,
02/12/2020,0.625,0.635,0.615,0.625,6639900,0.625,,,,
01/12/2020,0.580,0.630,0.575,0.625,6024600,0.580,,,,
30/11/2020,0.590,0.590,0.570,0.580,2717300,0.590,,,,
27/11/2020,0.595,0.595,0.580,0.590,7014300,0.590,,,,
26/11/2020,0.580,0.590,0.575,0.590,4305800,0.580,,,,
25/11/2020,0.590,0.590,0.580,0.580,2729400,0.590,,,,
24/11/2020,0.595,0.595,0.585,0.590,7722200,0.595,,,,
23/11/2020,0.595,0.595,0.585,0.595,4362300,0.590,,,,
20/11/2020,0.600,0.605,0.590,0.590,3420000,0.600,,,,
19/11/2020,0.620,0.620,0.600,0.600,7088800,0.620,,,,
18/11/2020,0.580,0.635,0.575,0.620,5623300,0.580,,,,
17/11/2020,0.595,0.600,0.580,0.580,3255600,0.590,,,,
16/11/2020,0.625,0.630,0.570,0.590,8922000,0.625,,,,
13/11/2020,0.635,0.640,0.615,0.625,4388600,0.635,,,,
12/11/2020,0.645,0.645,0.615,0.635,4442900,0.645,,,,
11/11/2020,0.640,0.660,0.635,0.645,12195900,0.640,,,,
10/11/2020,0.620,0.650,0.610,0.640,11398800,0.620,,,,
09/11/2020,0.615,0.625,0.605,0.620,5424800,0.610,,,,
06/11/2020,0.600,0.610,0.580,0.610,7400600,0.590,,,,
05/11/2020,0.575,0.590,0.575,0.590,5538600,0.575,,,,
04/11/2020,0.555,0.580,0.555,0.575,5702500,0.555,,,,
03/11/2020,0.520,0.555,0.520,0.555,7597700,0.520,,,,
02/11/2020,0.520,0.520,0.495,0.520,4299700,0.525,,,,
30/10/2020,0.570,0.570,0.520,0.525,5175000,0.575,,,,
28/10/2020,0.600,0.605,0.560,0.575,6454200,0.600,,,,
27/10/2020,0.570,0.635,0.570,0.600,37616199,0.580,,,,
26/10/2020,0.575,0.585,0.565,0.580,5086200,0.575,,,,
23/10/2020,0.575,0.580,0.555,0.575,7944300,0.570,,,,
22/10/2020,0.560,0.595,0.560,0.570,17931699,0.555,,,,
21/10/2020,0.550,0.565,0.535,0.555,9220500,0.545,,,,
20/10/2020,0.550,0.560,0.535,0.545,6103400,0.545,,,,
19/10/2020,0.550,0.565,0.545,0.545,3386000,0.550,,,,
16/10/2020,0.545,0.565,0.545,0.550,2421600,0.550,,,,
15/10/2020,0.575,0.575,0.540,0.550,6438300,0.570,,,,
14/10/2020,0.550,0.585,0.550,0.570,20903000,0.545,,,,
13/10/2020,0.525,0.555,0.520,0.545,10025800,0.525,,,,
12/10/2020,0.535,0.535,0.520,0.525,2118100,0.535,,,,
09/10/2020,0.540,0.545,0.530,0.535,2181900,0.535,,,,
08/10/2020,0.525,0.545,0.525,0.535,8334600,0.525,,,,
07/10/2020,0.515,0.525,0.510,0.525,2600900,0.515,,,,
06/10/2020,0.525,0.530,0.500,0.515,3641400,0.520,,,,
05/10/2020,0.515,0.540,0.510,0.520,6094500,0.515,,,,
02/10/2020,0.530,0.555,0.510,0.515,5439200,0.525,,,,
01/10/2020,0.505,0.530,0.500,0.525,2064900,0.500,,,,
30/09/2020,0.530,0.530,0.500,0.500,1495100,0.520,,,,
29/09/2020,0.550,0.550,0.515,0.520,3328000,0.545,,,,
28/09/2020,0.510,0.550,0.505,0.545,3843600,0.505,,,,
25/09/2020,0.490,0.505,0.480,0.505,1802900,0.485,,,,
24/09/2020,0.475,0.495,0.470,0.485,1225100,0.480,,,,
23/09/2020,0.495,0.510,0.470,0.480,1610000,0.490,,,,
22/09/2020,0.475,0.490,0.470,0.490,1419400,0.480,,,,
21/09/2020,0.495,0.495,0.475,0.480,618100,0.495,,,,
18/09/2020,0.475,0.495,0.470,0.495,1721900,0.485,,,,
17/09/2020,0.505,0.510,0.485,0.485,1069300,0.500,,,,
15/09/2020,0.540,0.540,0.500,0.500,1247000,0.535,,,,
14/09/2020,0.505,0.540,0.505,0.535,3121800,0.500,,,,
11/09/2020,0.450,0.510,0.430,0.500,6269900,0.450,,,,
10/09/2020,0.460,0.465,0.420,0.450,2394300,0.465,,,,
09/09/2020,0.450,0.465,0.430,0.465,1168800,0.465,,,,
08/09/2020,0.490,0.495,0.455,0.465,843500,0.495,,,,
07/09/2020,0.530,0.530,0.490,0.495,1708700,0.525,,,,
04/09/2020,0.525,0.535,0.495,0.525,1847800,0.535,,,,
03/09/2020,0.595,0.595,0.525,0.535,3265400,0.585,,,,
02/09/2020,0.575,0.595,0.575,0.585,1372700,0.575,,,,
01/09/2020,0.610,0.610,0.570,0.575,1371200,0.605,,,,
28/08/2020,0.625,0.625,0.570,0.605,2185700,0.595,,,,
27/08/2020,0.620,0.620,0.585,0.595,2569800,0.620,,,,
26/08/2020,0.620,0.660,0.605,0.620,7022200,0.610,,,,
25/08/2020,0.540,0.675,0.530,0.610,17784699,0.530,,,,
24/08/2020,0.525,0.530,0.505,0.530,1820300,0.525,,,,
21/08/2020,0.540,0.545,0.520,0.525,1492600,0.530,,,,
19/08/2020,0.560,0.570,0.510,0.530,2984000,0.565,,,,
18/08/2020,0.445,0.565,0.445,0.565,5575200,0.470,,,,
17/08/2020,0.485,0.495,0.440,0.470,1955400,0.470,,,,
14/08/2020,0.520,0.525,0.460,0.470,2303800,0.505,,,,
13/08/2020,0.490,0.555,0.485,0.505,3919700,0.500,,,,
12/08/2020,0.600,0.600,0.485,0.500,7459800,0.615,,,,
11/08/2020,0.700,0.715,0.605,0.615,5747100,0.685,,,,
10/08/2020,0.650,0.690,0.600,0.685,8818100,0.600,,,,
07/08/2020,0.585,0.840,0.560,0.600,32548400,0.545,,,,
06/08/2020,0.525,0.560,0.500,0.545,12001500,0.515,,,,
05/08/2020,0.530,0.540,0.495,0.515,5373200,0.500,,,,
04/08/2020,0.550,0.585,0.480,0.500,14290200,0.530,,,,
03/08/2020,0.435,0.550,0.435,0.530,25840301,0.430,,,,
30/07/2020,0.430,0.470,0.410,0.430,25571301,0.415,,,,
29/07/2020,0.375,0.415,0.370,0.415,10130500,0.370,,,,
28/07/2020,0.365,0.380,0.365,0.370,2454800,0.365,,,,
27/07/2020,0.365,0.380,0.350,0.365,1981000,0.365,,,,
24/07/2020,0.390,0.390,0.365,0.365,4165400,0.380,,,,
23/07/2020,0.360,0.405,0.360,0.380,12936000,0.360,,,,
22/07/2020,0.305,0.370,0.300,0.360,12175500,0.300,,,,
21/07/2020,0.305,0.310,0.300,0.300,575400,0.300,,,,
20/07/2020,0.300,0.325,0.300,0.300,1569100,0.300,,,,
17/07/2020,0.305,0.305,0.295,0.300,1788700,0.305,,,,
16/07/2020,0.315,0.320,0.305,0.305,708100,0.315,,,,
15/07/2020,0.320,0.330,0.315,0.315,588500,0.320,,,,
14/07/2020,0.315,0.335,0.315,0.320,2420000,0.310,,,,
13/07/2020,0.320,0.325,0.310,0.310,1129900,0.330,,,,
10/07/2020,0.330,0.340,0.320,0.330,903000,0.335,,,,
09/07/2020,0.335,0.335,0.325,0.335,1509300,0.335,,,,
08/07/2020,0.335,0.340,0.335,0.335,631800,0.335,,,,
07/07/2020,0.345,0.345,0.335,0.335,888800,0.345,,,,
06/07/2020,0.345,0.355,0.335,0.345,4162300,0.340,,,,
03/07/2020,0.335,0.345,0.330,0.340,2394500,0.335,,,,
02/07/2020,0.340,0.345,0.335,0.335,884300,0.340,,,,
01/07/2020,0.350,0.350,0.335,0.340,825100,0.345,,,,
30/06/2020,0.355,0.365,0.335,0.345,3308700,0.355,,,,
29/06/2020,0.330,0.360,0.320,0.355,3219100,0.330,,,,
26/06/2020,0.335,0.335,0.325,0.330,848800,0.335,,,,
25/06/2020,0.340,0.350,0.330,0.335,1101400,0.340,,,,
24/06/2020,0.355,0.360,0.340,0.340,917400,0.355,,,,
23/06/2020,0.360,0.360,0.350,0.355,1005800,0.360,,,,
22/06/2020,0.355,0.375,0.350,0.360,2740600,0.360,,,,
19/06/2020,0.360,0.365,0.350,0.360,954300,0.360,,,,
18/06/2020,0.380,0.390,0.360,0.360,3512500,0.360,,,,
17/06/2020,0.340,0.380,0.325,0.360,4813200,0.335,,,,
16/06/2020,0.325,0.340,0.325,0.335,1370500,0.325,,,,
15/06/2020,0.345,0.355,0.315,0.325,1791400,0.340,,,,
12/06/2020,0.320,0.360,0.310,0.340,4083800,0.355,,,,
11/06/2020,0.385,0.385,0.345,0.355,2592200,0.385,,,,
10/06/2020,0.380,0.390,0.370,0.385,2196300,0.385,,,,
09/06/2020,0.400,0.405,0.375,0.385,1867000,0.385,,,,
05/06/2020,0.410,0.410,0.375,0.385,3172800,0.405,,,,
04/06/2020,0.375,0.410,0.375,0.405,6946400,0.375,,,,
03/06/2020,0.395,0.395,0.335,0.375,6302200,0.400,,,,
02/06/2020,0.475,0.475,0.385,0.400,12586100,0.475,,,,
01/06/2020,0.365,0.480,0.365,0.475,40155500,0.365,,,,
29/05/2020,0.370,0.385,0.355,0.365,5653900,0.370,,,,
28/05/2020,0.355,0.375,0.330,0.370,9080900,0.355,,,,
27/05/2020,0.355,0.375,0.350,0.355,2831700,0.360,,,,
22/05/2020,0.380,0.385,0.350,0.360,3734000,0.380,,,,
21/05/2020,0.390,0.420,0.375,0.380,13801700,0.385,,,,
20/05/2020,0.355,0.390,0.355,0.385,12968600,0.345,,,,
19/05/2020,0.350,0.405,0.330,0.345,32517699,0.340,,,,
18/05/2020,0.380,0.380,0.310,0.340,14704000,0.375,,,,
15/05/2020,0.400,0.410,0.370,0.375,8075200,0.390,,,,
14/05/2020,0.425,0.445,0.365,0.390,15509400,0.430,,,,
13/05/2020,0.500,0.575,0.420,0.430,32341699,0.495,,,,
12/05/2020,0.340,0.600,0.340,0.495,46351199,0.340,,,,
08/05/2020,0.365,0.365,0.335,0.340,1662300,0.340,,,,
06/05/2020,0.340,0.365,0.325,0.340,2855200,0.340,,,,
05/05/2020,0.315,0.345,0.315,0.340,1876300,0.310,,,,
04/05/2020,0.300,0.330,0.285,0.310,2260600,0.300,,,,
30/04/2020,0.315,0.315,0.290,0.300,768800,0.315,,,,
29/04/2020,0.300,0.325,0.275,0.315,1383400,0.300,,,,
28/04/2020,0.325,0.385,0.300,0.300,7446700,0.315,,,,
27/04/2020,0.220,0.315,0.220,0.315,4960800,0.200,,,,
24/04/2020,0.195,0.205,0.195,0.200,62500,0.195,,,,
23/04/2020,0.200,0.200,0.195,0.195,5000,0.200,,,,
22/04/2020,0.190,0.200,0.185,0.200,152900,0.190,,,,
21/04/2020,0.215,0.215,0.190,0.190,29600,0.210,,,,
20/04/2020,0.215,0.225,0.210,0.210,347500,0.210,,,,
17/04/2020,0.205,0.225,0.200,0.210,849000,0.195,,,,
16/04/2020,0.195,0.195,0.190,0.195,119900,0.190,,,,
15/04/2020,0.185,0.190,0.185,0.190,117000,0.180,,,,
14/04/2020,0.175,0.185,0.175,0.180,103000,0.185,,,,
13/04/2020,0.180,0.190,0.180,0.185,124600,0.180,,,,
09/04/2020,0.190,0.190,0.180,0.180,211000,0.195,,,,
08/04/2020,0.195,0.195,0.190,0.195,97300,0.195,,,,
07/04/2020,0.190,0.200,0.185,0.195,123700,0.185,,,,
06/04/2020,0.185,0.185,0.180,0.185,218400,0.185,,,,
03/04/2020,0.195,0.200,0.180,0.185,281300,0.200,,,,
02/04/2020,0.200,0.200,0.195,0.200,18200,0.200,,,,
01/04/2020,0.220,0.220,0.200,0.200,261200,0.210,,,,
31/03/2020,0.195,0.220,0.195,0.210,419000,0.195,,,,
30/03/2020,0.180,0.195,0.180,0.195,390400,0.185,,,,
27/03/2020,0.190,0.195,0.185,0.185,103200,0.180,,,,
26/03/2020,0.180,0.180,0.175,0.180,54400,0.170,,,,
25/03/2020,0.160,0.180,0.160,0.170,142500,0.155,,,,
24/03/2020,0.150,0.155,0.150,0.155,38100,0.150,,,,
23/03/2020,0.150,0.155,0.150,0.150,88400,0.165,,,,
20/03/2020,0.140,0.165,0.140,0.165,158600,0.150,,,,
19/03/2020,0.165,0.165,0.150,0.150,88600,0.175,,,,
18/03/2020,0.180,0.190,0.170,0.175,156200,0.195,,,,
17/03/2020,0.210,0.210,0.195,0.195,173800,0.205,,,,
16/03/2020,0.225,0.225,0.205,0.205,525700,0.240,,,,
13/03/2020,0.215,0.240,0.205,0.240,390500,0.225,,,,
12/03/2020,0.240,0.240,0.225,0.225,148100,0.240,,,,
11/03/2020,0.220,0.250,0.220,0.240,495700,0.215,,,,
10/03/2020,0.225,0.230,0.215,0.215,101000,0.225,,,,
09/03/2020,0.250,0.255,0.220,0.225,536500,0.250,,,,
06/03/2020,0.220,0.265,0.220,0.250,2355000,0.220,,,,
05/03/2020,0.210,0.220,0.205,0.220,622300,0.205,,,,
04/03/2020,0.200,0.205,0.180,0.205,225600,0.185,,,,
03/03/2020,0.200,0.200,0.185,0.185,47900,0.185,,,,
02/03/2020,0.200,0.205,0.185,0.185,167200,0.205,,,,
28/02/2020,0.205,0.230,0.200,0.205,5052000,0.200,,,,
27/02/2020,0.205,0.205,0.200,0.200,125700,0.205,,,,
26/02/2020,0.205,0.205,0.205,0.205,58400,0.210,,,,
25/02/2020,0.200,0.210,0.200,0.210,54500,0.210,,,,
24/02/2020,0.210,0.210,0.200,0.210,365400,0.215,,,,
21/02/2020,0.215,0.215,0.210,0.215,81800,0.220,,,,
20/02/2020,0.225,0.225,0.220,0.220,184500,0.220,,,,
19/02/2020,0.225,0.235,0.215,0.220,914400,0.205,,,,
18/02/2020,0.210,0.210,0.200,0.205,104400,0.210,,,,
17/02/2020,0.215,0.220,0.210,0.210,141200,0.215,,,,
14/02/2020,0.210,0.220,0.210,0.215,81700,0.210,,,,
13/02/2020,0.210,0.215,0.210,0.210,71300,0.220,,,,
12/02/2020,0.220,0.220,0.210,0.220,93900,0.225,,,,
11/02/2020,0.230,0.235,0.225,0.225,226700,0.220,,,,
10/02/2020,0.210,0.220,0.210,0.220,108700,0.215,,,,
07/02/2020,0.220,0.230,0.210,0.215,204000,0.225,,,,
06/02/2020,0.235,0.240,0.220,0.225,146200,0.235,,,,
05/02/2020,0.205,0.235,0.200,0.235,628800,0.210,,,,
04/02/2020,0.210,0.255,0.200,0.210,467600,0.210,,,,
03/02/2020,0.220,0.220,0.175,0.210,431300,0.225,,,,
31/01/2020,0.255,0.255,0.225,0.225,655400,0.250,,,,
30/01/2020,0.260,0.265,0.250,0.250,230700,0.260,,,,
29/01/2020,0.260,0.285,0.260,0.260,2085300,0.250,,,,
28/01/2020,0.225,0.250,0.225,0.250,1631200,0.225,,,,
24/01/2020,0.235,0.240,0.215,0.225,135700,0.245,,,,
23/01/2020,0.225,0.250,0.225,0.245,632200,0.235,,,,
22/01/2020,0.245,0.250,0.230,0.235,515600,0.245,,,,
21/01/2020,0.220,0.270,0.220,0.245,2760600,0.215,,,,
20/01/2020,0.210,0.215,0.205,0.215,184900,0.215,,,,
17/01/2020,0.190,0.215,0.190,0.215,213700,0.195,,,,
16/01/2020,0.195,0.195,0.195,0.195,20000,0.180,,,,
15/01/2020,0.195,0.200,0.180,0.180,122900,0.195,,,,
14/01/2020,0.210,0.210,0.195,0.195,164200,0.210,,,,
13/01/2020,0.225,0.225,0.205,0.210,302700,0.225,,,,
10/01/2020,0.205,0.235,0.205,0.225,686700,0.205,,,,
09/01/2020,0.180,0.220,0.160,0.205,747500,0.400,,,,
08/01/2020,0.410,0.410,0.400,0.400,1134500,0.410,,,,
07/01/2020,0.415,0.415,0.405,0.410,284300,0.405,,,,
06/01/2020,0.415,0.415,0.395,0.405,354300,0.405,,,,
03/01/2020,0.395,0.405,0.390,0.405,233600,0.395,,,,
02/01/2020,0.405,0.405,0.395,0.395,415000,0.405,,,,
31/12/2019,0.440,0.440,0.395,0.405,555500,0.435,,,,
30/12/2019,0.420,0.445,0.410,0.435,894500,0.410,,,,
27/12/2019,0.370,0.420,0.365,0.410,818500,0.365,,,,
26/12/2019,0.340,0.375,0.335,0.365,1241000,0.305,,,,
18/12/2019,0.305,0.305,0.305,0.305,5900,0.305,,,,
17/12/2019,0.305,0.305,0.305,0.305,10900,0.305,,,,
16/12/2019,0.295,0.305,0.295,0.305,2100,0.310,,,,
13/12/2019,0.310,0.315,0.310,0.310,34000,0.305,,,,
12/12/2019,0.305,0.305,0.305,0.305,1000,0.325,,,,
11/12/2019,0.305,0.325,0.300,0.325,172300,0.310,,,,
09/12/2019,0.310,0.310,0.310,0.310,1000,0.325,,,,
05/12/2019,0.325,0.325,0.325,0.325,7000,0.325,,,,
04/12/2019,0.320,0.325,0.320,0.325,20900,0.325,,,,
03/12/2019,0.325,0.325,0.325,0.325,31000,0.325,,,,
02/12/2019,0.320,0.325,0.315,0.325,238100,0.315,,,,
29/11/2019,0.320,0.325,0.315,0.315,33300,0.315,,,,
28/11/2019,0.310,0.315,0.310,0.315,62400,0.315,,,,
27/11/2019,0.315,0.315,0.315,0.315,20000,0.310,,,,
25/11/2019,0.300,0.310,0.300,0.310,46100,0.300,,,,
22/11/2019,0.300,0.300,0.300,0.300,15000,0.300,,,,
21/11/2019,0.300,0.300,0.300,0.300,10000,0.300,,,,
19/11/2019,0.300,0.300,0.300,0.300,10900,0.300,,,,
15/11/2019,0.300,0.300,0.300,0.300,4500,0.300,,,,
13/11/2019,0.300,0.300,0.300,0.300,31100,0.300,,,,
12/11/2019,0.300,0.300,0.300,0.300,98000,0.300,,,,
11/11/2019,0.300,0.300,0.300,0.300,100,0.295,,,,
08/11/2019,0.295,0.295,0.295,0.295,7000,0.295,,,,
07/11/2019,0.290,0.305,0.290,0.295,254700,0.295,,,,
04/11/2019,0.300,0.300,0.295,0.295,24000,0.295,,,,
01/11/2019,0.295,0.300,0.295,0.295,61000,0.300,,,,
30/10/2019,0.300,0.300,0.300,0.300,30000,0.305,,,,
24/10/2019,0.305,0.305,0.305,0.305,20000,0.295,,,,
22/10/2019,0.295,0.295,0.295,0.295,1000,0.295,,,,
21/10/2019,0.305,0.305,0.295,0.295,184100,0.310,,,,
18/10/2019,0.315,0.315,0.305,0.310,102700,0.310,,,,
17/10/2019,0.315,0.315,0.300,0.310,210200,0.310,,,,
16/10/2019,0.320,0.320,0.300,0.310,145200,0.310,,,,
15/10/2019,0.320,0.330,0.300,0.310,648100,0.305,,,,
14/10/2019,0.320,0.350,0.305,0.305,447700,0.290,,,,
11/10/2019,0.295,0.295,0.290,0.290,33000,0.295,,,,
10/10/2019,0.295,0.295,0.295,0.295,100,0.265,,,,
09/10/2019,0.295,0.300,0.265,0.265,31000,0.290,,,,
08/10/2019,0.280,0.290,0.280,0.290,44000,0.295,,,,
07/10/2019,0.280,0.295,0.280,0.295,30200,0.290,,,,
04/10/2019,0.290,0.290,0.290,0.290,35000,0.300,,,,
03/10/2019,0.300,0.300,0.300,0.300,20000,0.300,,,,
01/10/2019,0.300,0.300,0.300,0.300,100,0.280,,,,
30/09/2019,0.300,0.300,0.280,0.280,50100,0.290,,,,
27/09/2019,0.290,0.290,0.290,0.290,20000,0.325,,,,
26/09/2019,0.260,0.330,0.260,0.325,19200,0.295,,,,
25/09/2019,0.295,0.295,0.295,0.295,100,0.260,,,,
23/09/2019,0.260,0.260,0.260,0.260,5200,0.260,,,,
20/09/2019,0.260,0.260,0.260,0.260,5000,0.265,,,,
19/09/2019,0.265,0.265,0.265,0.265,4500,0.265,,,,
10/09/2019,0.265,0.265,0.265,0.265,2000,0.265,,,,
05/09/2019,0.265,0.265,0.265,0.265,4000,0.270,,,,
21/08/2019,0.270,0.270,0.270,0.270,13000,0.270,,,,
08/08/2019,0.270,0.270,0.270,0.270,2000,0.270,,,,
07/08/2019,0.270,0.270,0.270,0.270,100,0.230,,,,
05/08/2019,0.230,0.230,0.230,0.230,15400,0.230,,,,
02/08/2019,0.230,0.230,0.230,0.230,6000,0.250,,,,
29/07/2019,0.250,0.250,0.250,0.250,3000,0.260,,,,
26/07/2019,0.260,0.260,0.260,0.260,15000,0.260,,,,
25/07/2019,0.260,0.260,0.260,0.260,2000,0.260,,,,
18/07/2019,0.260,0.260,0.260,0.260,1400,0.280,,,,
17/07/2019,0.280,0.280,0.280,0.280,2000,0.280,,,,
15/07/2019,0.280,0.280,0.280,0.280,500,0.260,,,,
08/07/2019,0.260,0.260,0.260,0.260,8000,0.280,,,,
03/07/2019,0.275,0.280,0.270,0.280,29400,0.305,,,,
13/06/2019,0.305,0.305,0.305,0.305,100,0.290,,,,
11/06/2019,0.290,0.290,0.290,0.290,20000,0.295,,,,
10/06/2019,0.315,0.315,0.295,0.295,64600,0.285,,,,
14/05/2019,0.285,0.285,0.285,0.285,100,0.250,,,,
13/05/2019,0.250,0.250,0.250,0.250,4900,0.330,,,,
08/05/2019,0.240,0.330,0.240,0.330,5200,0.260,,,,
07/05/2019,0.230,0.270,0.230,0.260,56000,0.295,,,,
03/05/2019,0.320,0.335,0.290,0.295,208500,0.405,,,,
25/04/2019,0.405,0.405,0.405,0.405,10600,0.415,,,,
24/04/2019,0.400,0.425,0.360,0.415,244800,0.395,,,,
23/04/2019,0.350,0.400,0.350,0.395,177900,0.360,,,,
22/04/2019,0.300,0.360,0.300,0.360,141900,0.295,,,,
19/04/2019,0.260,0.295,0.260,0.295,75000,0.260,,,,
12/04/2019,0.260,0.260,0.260,0.260,40000,0.260,,,,
11/04/2019,0.260,0.260,0.260,0.260,30000,0.270,,,,
04/04/2019,0.265,0.270,0.260,0.270,32000,0.270,,,,
19/03/2019,0.295,0.295,0.270,0.270,15000,0.300,,,,
11/03/2019,0.260,0.300,0.260,0.300,2600,0.260,,,,
07/03/2019,0.260,0.260,0.260,0.260,7500,0.250,,,,
06/03/2019,0.250,0.250,0.250,0.250,9900,0.255,,,,
31/01/2019,0.255,0.255,0.255,0.255,30000,0.265,,,,
28/01/2019,0.265,0.265,0.265,0.265,28000,0.260,,,,
18/01/2019,0.255,0.260,0.255,0.260,17600,0.240,,,,
11/01/2019,0.240,0.240,0.240,0.240,10000,,,,,